12.886001 -1.557999 2.250200
6.592001 -1.589999 0.047300
-2.701999 0.474001 1.474400
25.534001 2.358001 -1.704100
1.002001 -1.195999 2.458900
15.978001 1.208001 1.678500
18.898001 6.968001 -1.225200
8.402001 -12.673999 1.229100
5.640001 7.506001 1.335100
2.478001 -0.241999 0.398500
8.886001 -2.253999 1.960900
19.200001 -2.591999 -2.991100
5.192001 7.196001 -0.749600
25.084001 -1.317999 -0.644100
27.758001 4.862001 -1.180600
19.268001 -0.605999 -0.129300
19.420001 -2.429999 -0.333500
3.604001 11.764001 -0.710900
7.738001 -1.487999 -0.056700
14.370001 -10.457999 -1.769700
3.272001 -2.893999 -0.738400
7.172001 4.814001 2.362500
27.268001 3.470001 0.039700
10.636001 -5.165999 -2.603800
5.706001 9.274001 -1.411200
-6.087999 2.310001 0.162700
-1.135999 -1.311999 3.100300
1.204001 -1.103999 -0.772900
11.478001 7.226001 -2.234200
20.338001 0.526001 -0.740300
-3.933999 -2.065999 0.454500
-5.753999 -3.323999 -2.523000
9.520001 2.894001 0.781600
10.226001 2.246001 -1.220100
10.924001 7.158001 -1.893500
-3.823999 0.078001 1.538500
-3.491999 -4.321999 -0.411200
18.954001 -1.833999 2.765700
6.464001 9.236001 1.894800
2.210001 -1.329999 -2.283800
17.006001 2.630001 -0.216400
6.956001 7.934001 -3.114485
-5.335999 1.910001 1.412600
18.652001 7.732001 -1.300200
5.978001 0.072001 -2.315200
8.950001 -6.739999 -1.323700
24.084001 -1.657999 -1.766900
-6.061999 2.202001 -1.751300
0.452001 -3.431999 -2.601900
15.960001 -12.275999 2.696900
11.122001 -6.429999 2.563900
5.368001 10.984001 2.678600
9.350001 2.766001 -0.284600
7.108001 -5.617999 1.084000
18.312001 -1.691999 1.703100
-0.557999 13.002001 2.757000
0.382001 11.816001 -1.047700
-1.489999 -1.223999 -0.087700
1.454001 1.028001 0.478700
12.162001 -2.735999 -2.979700
21.530001 3.336001 -0.282700
-5.461999 -2.507999 -2.722500
18.750001 -2.815999 0.637400
9.302001 -3.757999 -2.885200
11.084001 1.712001 1.229800
20.456001 5.850001 0.625800
12.048001 -3.739999 0.913100
26.694001 1.428001 -2.964300
11.098001 -6.529999 -0.408200
24.728001 4.102001 1.887600
15.162001 -1.789999 0.063100
15.698001 1.180001 -1.586700
9.690001 9.284001 -0.268800
13.178001 -1.037999 1.535200
25.228001 2.398001 -2.767100
5.432001 11.304001 -0.678200
-2.693999 1.362001 -1.527100
0.972001 -1.379999 3.081885
6.490001 -4.583999 0.513300
11.708001 1.258001 -0.899000
19.700001 4.066001 -1.337600
27.624001 9.096001 2.207500
-7.513999 2.836001 -0.438100
-5.265999 -1.201999 -1.044000
11.842001 -0.369999 -3.010400
0.146001 1.620001 2.392600
24.482001 -2.429999 -2.308000
8.646001 -3.677999 -0.144400
12.910001 1.794001 -2.891900
24.780001 -0.527999 -0.859600
14.158001 -0.397999 1.412300
-0.459999 -1.873999 1.568700
10.448001 -6.463999 0.172300
12.660001 3.296001 3.080700
9.972001 -6.865999 0.472200
-2.137999 0.682001 1.545600
4.500001 2.636001 -2.345600
23.588001 2.902001 2.331900
16.428001 3.126001 0.592900
19.144001 2.626001 -3.031500
12.454001 -4.617999 3.022200
-3.597999 -3.807999 -1.971800
12.454001 1.512001 -1.432300
-3.811999 1.426001 1.105500
9.750001 0.314001 -1.161600
25.700001 0.016001 1.620300
-5.999999 -0.575999 0.176900
7.006001 -5.485999 -1.284200
-3.239999 1.480001 -2.690200
-5.437999 -3.729999 -0.240900
7.444001 3.866001 0.614400
2.142001 0.358001 -2.789700
6.518001 2.790001 -1.317600
13.090001 1.318001 -0.772800
10.740001 8.322001 1.459300
4.384001 8.366001 -2.822800
4.728001 12.414001 1.664500
13.278001 -3.545999 2.210000
24.794001 5.218001 2.900500
11.510001 2.896001 1.396500
12.724001 5.766001 0.543700
22.396001 -0.841999 0.047000
22.862001 2.452001 0.244700
12.622001 -2.653999 -2.432300
4.232001 0.308001 0.382000
-2.133999 3.304001 -2.603300
17.350001 4.384001 2.409800
25.298001 1.966001 1.085600
-1.007999 -2.669999 2.295600
7.208001 6.176001 2.371500
12.354001 0.100001 -1.294200
14.618001 1.130001 1.608700
8.516001 -3.181999 -2.505100
-5.191999 3.356001 1.359900
-5.947999 -0.883999 1.867700
5.920001 7.672001 -3.021500
-1.251999 0.046001 -0.006100
-2.311999 2.286001 -1.393300
12.170001 1.220001 -1.040100
11.704001 -7.211999 1.753100
16.718001 -11.789999 -1.204800
-2.699999 4.570001 2.906200
3.300001 6.266001 2.034300
5.870001 4.216001 2.724100
26.408001 -1.299999 2.341000
10.144001 -7.157999 1.782500
5.362001 -1.057999 -1.890700
15.870001 -10.163999 0.863800
6.018001 11.834001 -3.082000
18.546001 -16.077999 -3.078285
24.810001 2.622001 2.883300
12.732001 -0.813999 -1.713300
17.884001 -11.229999 -0.991500
26.714001 5.078001 0.684600
16.640001 0.072001 0.055600
15.634001 -10.995999 -1.513900
3.000001 -3.833999 -1.696500
-7.551999 -2.075999 1.699000
13.452001 -0.361999 1.986700
27.470001 0.748001 1.226300
15.932001 2.362001 -1.444700
15.606001 -1.547999 -0.498300
22.644001 0.604001 2.623800
1.930001 -0.639999 1.808400
8.916001 -6.225999 -1.629600
16.952001 -1.293999 -2.940600
8.764001 1.508001 0.057500
19.044001 5.900001 1.224400
6.132001 -0.143999 1.039600
12.238001 2.320001 0.028300
13.102001 -5.155999 -2.170800
5.952001 11.584001 -2.941700
8.700001 -0.263999 -2.666100
-4.285999 0.170001 0.176400
6.320001 4.688001 -0.761200
5.544001 6.120001 -0.065900
17.140001 -3.013999 1.328800
15.026001 -4.101999 1.380700
21.784001 -3.949999 -0.043900
3.018001 1.864001 2.166300
15.724001 -9.431999 -2.608600
19.432001 -3.761999 -1.535000
-2.249999 -2.283999 2.903700
6.070001 -1.965999 -0.493900
5.414001 6.184001 -2.278900
5.848001 9.780001 -2.485200
8.792001 -1.047999 -0.280100
3.252001 -3.143999 0.620000
26.180001 1.028001 3.042700
8.764001 -7.851999 -2.973200
19.536001 2.840001 -0.315800
4.770001 2.016001 -2.525500
26.940001 7.214001 2.899600
10.230001 -8.277999 2.485600
-3.179999 0.360001 -0.345400
1.466001 1.484001 3.128885
26.718001 5.644001 0.377100
8.740001 -6.671999 -0.158900
14.788001 -10.439999 2.075700
22.984001 -0.401999 1.653500
4.644001 -2.769999 -2.631800
-3.447999 1.356001 -1.927400
11.292001 -3.909999 -2.199500
8.894001 -6.729999 2.243100
20.702001 -3.571999 -2.578400
14.674001 2.414001 -1.905100
0.042001 1.618001 -2.800900
20.224001 -3.653999 0.173300
15.190001 -10.955999 -0.752700
-1.171999 11.512001 -1.738500
-4.029999 0.942001 0.259000
16.374001 -8.617999 -0.566300
-0.553999 -0.933999 -0.450400
2.530001 -1.703999 1.971900
1.508001 12.194001 -2.437200
7.048001 4.086001 2.755100
16.370001 -2.609999 3.088400
-3.765999 1.324001 -1.325200
11.564001 6.922001 -0.318500
19.098001 -1.463999 -0.502600
10.706001 4.154001 0.470900
-3.521999 -0.107999 -0.977600
21.644001 -0.603999 0.939500
4.522001 -2.093999 0.563600
16.334001 -14.231999 -2.780000
-4.483999 -2.143999 0.691600
12.526001 1.740001 3.111385
5.772001 3.790001 -2.728400
11.924001 5.152001 -2.433100
25.004001 -0.891999 1.899500
13.486001 -5.663999 -2.802600
4.688001 6.406001 -0.524700
12.704001 2.204001 2.724700
14.918001 -10.873999 -1.549500
13.202001 2.666001 2.447800
14.868001 -10.029999 -1.588000
-6.401999 1.282001 -1.800800
12.912001 -3.301999 -1.342500
15.682001 1.306001 0.228400
18.076001 -11.129999 1.326200
20.918001 5.236001 -2.283500
4.564001 7.990001 1.879000
12.770001 -1.477999 3.077600
6.680001 5.578001 0.048700
8.276001 -3.397999 0.127500
-3.625999 3.008001 -2.107800
-5.953999 -3.123999 0.404300
26.224001 6.754001 -0.917400
6.436001 9.638001 0.184500
11.004001 3.396001 -1.612400
4.226001 10.584001 1.445000
-2.799999 3.206001 -1.925500
7.598001 -4.813999 2.550800
19.252001 7.166001 -2.043300
8.960001 -7.585999 -0.749300
27.640001 -2.311999 -2.409100
14.150001 1.206001 -1.360500
9.066001 0.268001 -0.681600
20.198001 -0.761999 -2.593600
7.932001 -5.501999 1.793500
20.638001 3.600001 1.178900
22.218001 3.052001 1.912900
24.824001 2.544001 -2.501400
9.264001 -4.271999 -2.633200
13.114001 -5.543999 1.856300
12.734001 -3.839999 0.555300
16.796001 -0.537999 -1.396700
-3.789999 2.690001 1.490400
-1.103999 2.074001 -0.688600
12.990001 2.504001 0.582600
19.940001 2.402001 1.781400
4.350001 8.256001 -1.174100
13.540001 -6.845999 1.829100
2.898001 -1.869999 -2.095200
-1.805999 0.050001 -0.783800
0.560001 2.318001 2.237100
12.384001 -0.077999 1.231600
11.198001 -7.025999 2.607000
17.596001 2.438001 0.757700
17.320001 -3.259999 0.573800
4.204001 10.066001 -1.511100
-7.561999 2.756001 0.007400
4.568001 5.912001 -0.132300
6.718001 -1.871999 -0.216400
4.826001 6.646001 0.991800
16.156001 0.740001 2.130600
-0.817999 -2.929999 -2.165700
3.762001 -2.337999 -1.906800
21.266001 -1.345999 -2.743500
13.616001 -7.019999 -0.416100
26.210001 1.126001 1.313200
-6.757999 -3.069999 -0.759200
-3.415999 -3.949999 0.815500
4.094001 -0.225999 0.342500
12.060001 -0.551999 -2.937100
22.006001 -0.681999 0.655900
10.486001 -3.479999 1.728600
-0.159999 12.684001 -1.409900
-5.885999 -0.953999 -1.019300
10.186001 4.412001 1.796200
7.526001 -3.147999 -1.415400
-3.533999 -1.193999 -0.218300
15.768001 2.368001 1.796600
15.938001 -9.611999 -0.026500
24.302001 -0.771999 -1.933500
-3.451999 2.644001 -0.338200
12.500001 -4.695999 -2.993600
-4.935999 2.050001 -3.117785
6.656001 0.404001 1.963400
23.444001 -3.439999 2.410000
4.714001 6.454001 1.642400
5.086001 3.582001 0.781000
-3.667999 -2.501999 0.138600
-2.953999 0.506001 -2.343700
26.592001 0.262001 -2.713600
2.488001 11.494001 2.779500
24.504001 -0.263999 0.466600
-5.839999 -0.417999 1.074700
8.330001 -2.045999 -2.637900
-1.949999 1.912001 -0.069700
9.104001 0.562001 2.507500
-0.397999 1.468001 -2.571900
-1.491999 -2.105999 -0.362100
27.082001 -3.125999 -2.945800
8.104001 -2.073999 0.129900
23.802001 0.438001 2.303800
2.262001 0.372001 -0.467400
-3.775999 -4.021999 -2.125300
16.620001 3.232001 -1.143400
14.894001 1.802001 0.405500
6.030001 2.758001 0.592000
18.942001 5.708001 -2.388600
10.892001 6.300001 -0.506500
9.908001 5.644001 -1.242800
24.160001 2.998001 2.757600
17.916001 -13.381999 -0.054300
5.672001 2.626001 2.476900
19.166001 4.514001 -0.305600
9.672001 -10.537999 0.246400
-5.867999 1.996001 -1.666100
6.414001 6.852001 -2.566300
12.846001 -6.337999 0.804900
-0.803999 2.592001 0.212000
5.862001 3.584001 -0.247200
18.726001 -3.159999 0.874700
0.346001 12.426001 -1.099500
10.442001 -12.783999 -2.075200
9.274001 -3.327999 0.209000
2.178001 -0.037999 -0.156000
19.646001 -3.749999 0.294800
14.754001 -3.239999 0.862200
-1.779999 -1.163999 -2.481300
6.380001 6.800001 2.354100
-7.285999 2.400001 -1.250200
2.386001 -1.131999 0.171200
20.578001 8.426001 -0.661200
4.596001 2.164001 2.576300
2.134001 -3.513999 0.947400
22.814001 -2.121999 2.301800
16.298001 0.770001 1.415000
25.402001 -2.503999 1.848300
16.690001 -12.433999 1.638000
16.222001 -9.763999 0.184500
22.466001 0.604001 2.054500
9.626001 3.472001 -2.856400
16.832001 -10.159999 -1.606600
14.936001 -8.303999 2.625100
10.978001 -6.579999 -3.112185
4.310001 8.738001 -1.481700
-3.793999 -1.913999 2.842000
11.668001 -3.429999 2.872400
17.804001 -14.843999 2.476000
5.654001 6.710001 -1.408300
17.816001 4.538001 -1.358200
-3.417999 2.344001 1.679200
18.888001 -0.015999 -1.112900
27.216001 2.674001 0.119500
18.434001 -1.899999 -0.608400
23.458001 -3.287999 2.332600
6.730001 2.256001 -2.584100
20.044001 2.550001 -2.218700
13.008001 -6.529999 -1.862200
3.458001 -0.175999 -0.297700
-3.585999 -1.487999 -0.433100
15.680001 -3.435999 -1.135200
2.596001 -3.559999 -0.244700
3.758001 0.496001 0.094900
8.658001 -4.053999 -1.240800
3.000001 -3.841999 0.391200
4.612001 6.656001 2.937200
3.296001 11.170001 -2.274200
9.172001 -5.407999 -0.278100
12.378001 4.998001 3.081900
19.676001 5.506001 1.208600
13.526001 -3.283999 -1.914500
11.992001 0.186001 0.638900
2.894001 -3.587999 3.140200
16.866001 2.220001 2.142700
14.306001 -2.625999 -0.675900
-2.943999 2.382001 0.280200
24.440001 -0.519999 3.110400
-0.493999 12.330001 3.119800
13.982001 -2.429999 -0.827500
10.548001 -4.611999 -1.512600
3.786001 -0.947999 -1.352800
1.480001 -1.473999 3.084000
1.860001 0.086001 0.272600
26.730001 5.312001 0.488800
7.284001 4.142001 2.524500
5.246001 6.436001 -2.284500
4.550001 12.250001 1.316900
25.714001 2.200001 -0.102500
27.544001 0.384001 -2.480800
-4.077999 -1.513999 -1.487200
22.398001 0.172001 -0.555200
17.144001 -3.759999 -1.952900
23.094001 -0.745999 2.680400
5.110001 2.024001 1.694000
-2.871999 -1.461999 -2.879900
26.554001 3.234001 -0.833000
3.514001 -4.271999 1.281100
-3.059999 2.698001 1.237000
23.300001 3.494001 -2.388200
-0.021999 -1.513999 1.280800
-4.205999 -3.467999 3.032900
26.714001 2.392001 1.947700
5.870001 3.058001 2.159400
7.596001 -1.125999 2.893100
5.494001 9.684001 1.876400
12.152001 2.480001 -1.931800
7.076001 6.336001 1.774800
23.738001 3.152001 -1.870100
-4.603999 -1.999999 -1.181400
-4.451999 -1.959999 -0.353800
6.920001 9.662001 -0.422700
8.520001 -0.399999 1.295700
5.202001 0.396001 -0.961300
26.720001 -0.601999 0.450400
9.542001 -1.297999 -2.340500
11.272001 5.026001 2.955000
1.140001 -0.447999 -2.888400
4.110001 1.950001 -0.049300
18.340001 -0.939999 -1.036300
-1.049999 1.562001 -2.447500
16.244001 1.910001 0.570100
2.482001 -1.143999 -1.028800
24.654001 1.666001 0.649600
6.178001 8.970001 1.159400
21.628001 -1.103999 -1.955700
26.730001 5.168001 1.233300
20.272001 -1.289999 1.898200
2.298001 -2.539999 -0.415500
21.260001 -2.855999 -1.046500
26.502001 -0.961999 1.208400
17.714001 3.356001 -1.223100
23.824001 3.718001 -2.061400
18.922001 2.754001 -0.722900
26.298001 0.566001 2.878100
14.124001 2.832001 -0.287300
5.482001 13.162001 -2.917700
3.888001 -2.041999 -2.726400
11.240001 -7.329999 -0.086900
10.662001 8.102001 3.109500
11.014001 5.490001 0.917400
-3.101999 -4.289999 -3.082300
12.590001 2.736001 -1.274600
27.392001 0.226001 -0.391400
11.484001 -3.169999 2.117000
9.246001 -11.021999 3.095600
7.872001 -7.901999 0.403800
12.196001 -8.105999 0.221200
1.716001 -2.717999 0.230500
-1.815999 0.208001 -1.665600
15.212001 2.286001 1.451600
-0.163999 -2.731999 -2.166900
16.342001 -14.417999 -0.831600
25.440001 1.012001 -0.261700
6.046001 12.602001 1.262100
7.552001 9.776001 0.086700
-4.303999 0.052001 2.606000
13.398001 -1.009999 -1.404900
20.146001 5.280001 -1.659900
20.436001 6.014001 -2.509900
11.680001 5.630001 -1.252300
6.792001 10.382001 0.945900
-2.269999 0.008001 -0.973900
20.712001 6.902001 0.628900
18.394001 -15.549999 2.730000
15.084001 -2.723999 -2.020600
9.396001 -3.003999 -1.676200
2.152001 -2.447999 0.959500
1.292001 -0.223999 -2.869100
14.778001 -2.153999 2.919500
1.676001 2.050001 1.375900
9.594001 1.126001 -2.948700
3.402001 1.524001 2.038600
25.008001 0.100001 2.764400
13.736001 -7.027999 2.160200
11.422001 2.102001 2.641200
12.636001 -0.441999 0.178100
16.872001 0.576001 0.147100
8.638001 0.016001 0.362500
19.312001 3.794001 -2.612500
-2.719999 1.442001 0.514800
11.472001 0.862001 1.927500
6.752001 1.742001 -1.133200
23.858001 3.068001 -0.117600
25.322001 -1.171999 -1.832000
5.656001 8.824001 1.207100
16.058001 -11.129999 1.535600
25.650001 -3.283999 1.397600
3.536001 1.770001 -0.152100
25.730001 -1.489999 -1.812200
7.460001 8.996001 -0.771600
4.842001 0.610001 -2.645200
19.188001 5.392001 1.541400
22.034001 2.282001 -1.234800
20.084001 2.824001 0.949100
11.760001 -9.491999 1.033500
10.156001 -5.903999 -0.059700
23.802001 3.738001 2.199700
1.318001 -1.327999 -0.865000
5.232001 0.720001 0.750000
22.082001 0.310001 2.648000
18.716001 -0.579999 0.219600
27.452001 0.206001 2.006500
10.860001 -7.865999 -1.228300
8.738001 -4.789999 -1.391500
5.090001 -3.059999 2.232100
2.032001 -0.445999 -2.268200
25.128001 -2.853999 -1.822700
-5.003999 -0.579999 -3.014600
8.428001 1.218001 -1.521400
12.968001 2.714001 0.726800
14.416001 -9.043999 0.878600
10.178001 7.970001 -0.978300
-3.401999 3.438001 2.706300
23.788001 -1.859999 1.045300
17.114001 -13.001999 -2.667600
16.400001 0.940001 -1.013500
1.870001 -2.913999 -0.077300
8.502001 -5.485999 1.163200
1.578001 2.072001 -0.217900
-3.379999 1.298001 2.201000
7.640001 2.286001 -3.073800
8.950001 2.084001 -1.583600
19.736001 -1.283999 -1.219200
10.114001 3.800001 0.417700
19.686001 0.060001 -0.613000
26.346001 0.774001 1.199200
27.184001 -3.141999 0.213100
5.688001 3.364001 3.106785
20.606001 3.638001 -0.729100
4.932001 -3.573999 0.970300
-6.029999 -2.633999 -0.504400
12.924001 2.082001 -0.773600
19.692001 5.838001 0.269700
6.546001 -1.819999 1.971600
8.812001 1.454001 0.847800
21.380001 0.224001 -1.226600
5.926001 3.432001 -0.277500
11.998001 1.952001 1.362800
9.950001 -9.127999 -0.018000
27.068001 0.698001 1.506600
14.466001 -2.255999 0.862900
5.392001 2.398001 1.502400
-0.889999 -1.789999 2.177100
-6.743999 -4.047999 2.542200
5.384001 9.950001 -2.039700
-5.505999 1.780001 -0.377600
-1.059999 12.002001 1.526300
27.284001 4.606001 2.122600
-4.591999 -1.995999 -2.831400
4.466001 11.528001 2.739300
19.676001 -1.707999 2.180900
7.076001 4.802001 1.800400
14.262001 -12.007999 -1.712100
12.538001 -4.323999 2.489800
13.120001 0.700001 -1.085600
4.284001 -0.197999 2.343100
14.046001 -2.471999 -0.020000
0.088001 1.898001 -1.084800
13.196001 -1.943999 -2.379100
22.962001 3.978001 -2.535100
22.600001 -0.375999 -0.746900
9.826001 -3.635999 0.702200
3.984001 12.388001 0.068000
3.390001 -2.775999 -0.166400
22.630001 2.502001 0.202800
27.084001 5.026001 -0.304500
5.764001 1.902001 0.715000
19.474001 3.426001 -2.803000
20.764001 3.664001 2.905600
23.438001 0.264001 -0.648300
0.504001 0.244001 -1.925000
-6.815999 -1.025999 -0.207000
7.180001 4.380001 1.373900
14.308001 -0.875999 0.829700
10.302001 -12.461999 -0.669700
10.476001 -6.011999 -2.663000
8.254001 1.512001 1.753200
-0.065999 -1.331999 -0.014300
10.800001 3.884001 -1.205500
2.980001 12.710001 1.136900
9.932001 -12.563999 -1.812300
-1.615999 2.858001 -0.596900
10.410001 -5.137999 -2.092300
8.190001 -6.871999 2.124700
13.240001 -1.907999 1.714300
7.618001 -2.045999 -1.374900
17.638001 4.050001 -0.444800
25.958001 -1.955999 2.372900
-7.819999 1.990001 2.366400
7.868001 -2.189999 -1.848200
-3.675999 -2.237999 -2.908100
4.712001 11.354001 0.154700
8.316001 -3.287999 -2.057500
-5.065999 -3.213999 2.705000
10.882001 -6.245999 2.899900
26.256001 -1.179999 -1.696400
8.360001 -7.455999 2.225500
-1.243999 2.458001 -2.778600
17.330001 -9.931999 -0.415400
14.114001 -1.213999 0.550100
22.156001 -1.883999 1.102700
14.244001 1.480001 -0.042300
-4.441999 2.544001 -2.699900
10.394001 0.336001 -0.548200
12.722001 -7.247999 2.043800
3.622001 -0.073999 -3.136500
2.364001 -0.825999 -0.896100
9.702001 -11.517999 -1.034800
6.204001 -1.807999 1.840500
-4.219999 -1.439999 -1.558800
24.916001 -0.927999 -1.708500
0.374001 -4.527999 0.013900
15.840001 1.094001 -2.201800
25.990001 -0.713999 0.715500
-0.651999 -0.781999 2.578200
14.090001 -3.883999 -1.866200
5.700001 4.546001 -1.979000
22.712001 -1.585999 -3.050800
24.948001 -2.649999 -0.845200
24.168001 -3.441999 -1.595600
14.320001 -5.503999 0.676000
-3.321999 5.488001 3.016200
0.886001 0.216001 2.535000
-3.445999 -0.101999 0.663100
23.854001 -0.125999 -2.945300
6.328001 12.392001 -1.629800
-2.681999 2.286001 2.694600
25.754001 0.688001 -1.004800
24.080001 -1.623999 -1.006300
5.340001 5.832001 -0.460600
5.530001 -1.275999 -2.775100
4.362001 9.154001 2.009500
9.912001 -1.545999 2.194700
6.188001 -1.083999 2.788000
-1.627999 1.870001 1.625000
23.034001 -1.259999 0.922000
1.164001 0.956001 -2.485300
5.360001 7.726001 -0.979500
21.520001 2.964001 -1.056400
13.296001 -9.095999 3.124900
3.472001 10.756001 1.743900
27.616001 4.664001 2.780400
0.438001 11.966001 2.956800
2.334001 0.066001 1.538600
15.094001 -2.223999 0.721800
3.068001 -1.155999 1.849800
17.878001 -3.839999 0.201400
21.178001 4.394001 -2.121800
6.060001 -0.011999 -0.571200
8.454001 -0.035999 2.570200
-3.415999 -0.081999 -1.105400
-5.943999 -2.955999 0.847800
0.236001 1.264001 -2.993400
12.100001 -9.475999 2.413300
8.586001 -7.841999 1.867100
-5.251999 -2.549999 -2.136100
0.120001 -1.907999 2.121600
27.034001 1.292001 -0.803000
4.144001 -0.945999 -2.013700
21.288001 2.996001 -1.061400
20.088001 4.192001 2.695100
9.300001 2.844001 1.495900
26.068001 5.278001 -2.486000
21.196001 -0.979999 3.043300
-6.251999 0.648001 0.315400
12.120001 1.686001 -1.998200
12.938001 -6.225999 -1.170300
11.456001 -3.051999 0.041200
11.872001 2.114001 0.707400
9.166001 -2.903999 1.997200
15.774001 -0.029999 2.671600
2.684001 -4.065999 -2.188800
23.204001 -0.581999 0.816700
13.628001 -8.285999 -2.905500
-4.893999 -1.941999 1.948400
1.950001 0.234001 1.103300
-5.515999 2.112001 2.914500
5.910001 8.754001 0.483200
11.432001 7.282001 2.140400
24.390001 -3.871999 -0.284100
14.498001 -2.613999 1.054000
10.274001 -6.087999 1.811400
12.516001 -2.611999 -0.153500
26.924001 0.742001 -3.127685
8.674001 1.916001 -3.079900
24.642001 -0.845999 0.035300
19.486001 -1.713999 -1.893300
10.464001 -2.461999 2.051000
3.270001 1.660001 1.336600
9.956001 -3.119999 0.138200
5.710001 5.504001 -2.268700
8.966001 -4.423999 1.687600
21.346001 4.484001 -1.010300
14.486001 -7.875999 0.118500
16.298001 2.050001 2.338900
24.840001 3.096001 1.710600
5.868001 7.628001 -0.436900
5.536001 -2.433999 -0.066600
11.130001 -1.137999 2.131200
21.490001 -0.755999 0.960200
6.482001 -0.617999 0.302000
24.970001 -1.599999 -0.544700
8.980001 -8.911999 -2.030000
12.740001 -2.149999 -0.470100
6.746001 2.422001 0.415300
13.300001 1.956001 1.470100
5.866001 10.850001 -0.509900
1.740001 -4.281999 2.208200
7.080001 -5.741999 -1.554400
8.690001 -11.885999 0.044800
8.764001 -11.565999 -1.962100
11.420001 6.604001 0.899400
9.954001 3.462001 -2.606100
22.526001 -1.487999 -2.081300
10.882001 -7.091999 0.386400
9.394001 -5.027999 -2.388600
13.144001 -5.209999 -3.027100
11.968001 0.824001 1.957600
26.246001 -3.177999 1.803200
25.352001 -1.705999 -2.653900
8.916001 -1.105999 1.694000
21.320001 -3.167999 2.126200
4.102001 10.674001 -1.811800
26.434001 3.682001 1.224200
26.460001 -2.901999 1.578200
7.156001 -2.767999 -0.369400
6.572001 9.958001 1.468900
4.128001 -1.971999 -0.490900
-4.259999 -2.455999 -0.243300
21.508001 -2.845999 0.631400
3.060001 -2.029999 -2.305300
6.496001 -1.213999 1.217500
0.520001 12.538001 -1.134500
9.684001 4.570001 1.212000
16.336001 -0.955999 2.692500
6.380001 7.754001 -1.883000
-0.239999 0.858001 -0.628300
7.742001 1.608001 3.125800
-4.353999 -4.519999 2.717400
0.358001 2.872001 -0.182000
9.068001 -2.737999 0.027400
18.346001 3.656001 -0.667500
-4.899999 0.522001 -1.042100
13.714001 -8.601999 0.604900
20.742001 -3.093999 2.555700
11.152001 4.948001 -2.416700
14.518001 -9.731999 -1.398900
24.426001 -2.459999 0.208100
26.010001 -3.107999 2.012000
26.536001 -2.407999 3.062600
21.832001 1.758001 2.775200
24.790001 -2.929999 -0.922900
-4.847999 0.252001 2.947400
9.514001 0.930001 2.275000
9.366001 -8.277999 1.464300
7.238001 3.868001 2.530400
8.706001 -11.785999 2.253800
8.284001 1.696001 -0.364500
18.760001 2.730001 -1.989600
17.582001 -13.825999 2.585800
2.454001 -2.765999 2.753600
3.794001 -2.899999 2.517100
6.272001 5.630001 -0.494300
25.048001 0.876001 2.234100
10.494001 -2.763999 -2.405000
0.498001 -4.671999 2.805300
9.860001 0.500001 -0.099600
21.526001 3.760001 -0.582800
-2.829999 1.046001 -1.670300
9.680001 4.112001 -2.479400
24.264001 -1.819999 3.049500
3.004001 0.526001 0.328100
14.562001 -2.173999 -1.299100
10.700001 7.566001 0.216600
0.778001 -0.829999 -1.341000
10.292001 -5.641999 3.033800
10.986001 -0.727999 -2.683500
18.286001 -1.019999 0.255900
3.886001 12.062001 1.986800
9.514001 -2.389999 2.809000
14.934001 -3.569999 1.827500
19.438001 -1.569999 -1.465600
9.278001 -1.817999 0.040600
4.976001 8.114001 -0.377300
7.618001 8.210001 -2.435900
10.584001 5.720001 2.643500
1.654001 0.712001 -2.889600
11.656001 4.834001 -0.162200
15.780001 1.074001 1.711800
4.832001 -0.165999 -0.381700
12.448001 -2.069999 -0.090900
10.764001 -1.619999 2.549200
6.952001 1.552001 -3.105600
-2.887999 -0.269999 2.188800
9.328001 3.598001 -2.956500
11.592001 -2.757999 -1.739300
24.816001 -1.343999 1.869300
10.206001 1.220001 2.266400
21.728001 -2.601999 1.348400
5.752001 0.892001 0.243300
17.526001 -0.073999 2.818100
5.922001 2.404001 -1.015200
15.414001 -10.351999 -2.823200
-6.667999 2.006001 2.501100
17.518001 -14.373999 -3.133985
3.256001 -3.847999 0.890600
-6.435999 -2.959999 2.381000
8.206001 -13.437999 -0.592800
4.824001 -0.671999 -1.534900
13.404001 -5.911999 2.943200
4.252001 10.324001 -0.598000
24.582001 -1.201999 0.533100
-3.507999 -0.683999 2.514600
1.684001 -2.071999 -0.981000
12.532001 -3.347999 -2.072300
6.612001 7.774001 -0.005100
-3.381999 3.288001 -2.780500
18.142001 6.098001 -1.340500
4.782001 5.876001 -2.847000
16.928001 -3.351999 1.112400
6.520001 10.126001 2.772900
6.816001 -2.347999 1.451600
1.194001 -2.159999 1.012000
13.992001 -0.671999 -0.952700
9.254001 5.872001 -0.787600
15.732001 -2.573999 -2.056500
-3.573999 -1.443999 2.201700
20.294001 2.794001 2.602300
0.156001 -1.721999 -1.980100
12.208001 -1.847999 -2.935300
16.492001 1.652001 2.293300
24.104001 -2.689999 1.383500
27.400001 4.708001 1.268700
7.978001 -4.681999 0.508300
-5.149999 3.232001 1.028600
14.628001 0.036001 -1.921300
8.822001 -12.543999 -2.265800
2.334001 1.144001 -0.900000
6.038001 12.420001 -2.055100
5.786001 3.786001 1.553400
-1.765999 -1.079999 -1.309400
4.404001 1.700001 -2.413400
-2.451999 3.136001 1.073900
0.202001 12.352001 -1.717700
4.828001 2.454001 -0.564100
11.500001 -4.209999 -2.738500
9.760001 -2.003999 -1.629400
8.344001 -5.191999 -2.635700
9.936001 -11.223999 -2.127100
5.880001 9.578001 1.237300
13.528001 3.582001 1.893300
-2.405999 2.838001 2.742100
8.394001 -2.531999 2.996900
-4.375999 0.298001 -1.148300
19.812001 -1.975999 -2.616400
11.124001 -0.235999 3.021800
5.606001 2.678001 1.048900
15.060001 -11.887999 -2.743700
4.134001 -2.515999 -2.774800
13.468001 -3.489999 -0.829900
20.704001 -2.941999 0.648700
23.636001 0.404001 -1.910500
13.480001 -2.841999 1.141200
21.796001 2.578001 -1.148500
19.492001 2.230001 2.762200
17.250001 -1.099999 -0.616800
5.148001 1.292001 1.556400
13.970001 -7.989999 0.848300
18.980001 6.574001 1.217900
26.580001 -2.487999 2.952100
7.638001 -6.395999 -2.102800
3.176001 0.002001 2.416800
16.970001 3.546001 -1.158600
10.276001 -5.995999 -3.115300
5.300001 -3.103999 -2.598900
-4.821999 2.362001 -1.551100
14.184001 -1.417999 3.113400
17.974001 4.502001 -2.377700
16.486001 -0.903999 -2.553400
16.068001 -0.799999 -2.538100
0.454001 12.328001 1.431600
9.238001 -12.643999 0.811800
8.300001 -8.729999 1.949400
25.948001 3.310001 0.852500
17.126001 -13.889999 1.145500
10.936001 -4.709999 0.897800
26.086001 -0.725999 -2.081600
-1.753999 1.148001 2.648700
13.216001 -5.439999 -0.728000
9.518001 -0.779999 1.522100
15.914001 -1.423999 -2.594600
10.014001 0.562001 1.451500
4.380001 0.104001 0.622600
6.164001 6.658001 2.940600
3.918001 -1.633999 0.352000
9.464001 1.768001 -0.185700
14.116001 -0.419999 0.228600
18.860001 8.264001 2.162500
21.274001 -3.161999 -0.050300
19.826001 -2.543999 1.545900
9.548001 1.756001 -1.940300
0.824001 11.782001 -2.706600
9.476001 -2.691999 0.135100
7.176001 6.612001 -3.076000
8.774001 -2.387999 -2.559700
8.702001 -0.265999 -1.609000
2.884001 -2.849999 1.866600
11.688001 2.732001 -1.930700
-7.481999 -1.793999 -1.760700
9.508001 -1.093999 0.064200
5.316001 3.130001 0.914600
19.500001 4.210001 -0.515700
7.608001 -6.485999 -2.851500
-1.729999 2.614001 1.397600
11.406001 1.568001 -2.142700
16.272001 -10.735999 2.422200
9.342001 -2.325999 -1.256900
-3.503999 -2.679999 2.471800
4.500001 11.376001 1.549700
20.950001 -0.887999 -0.059600
25.292001 -1.311999 -1.836100
0.528001 0.292001 3.063800
6.588001 12.356001 2.540900
19.906001 8.174001 -2.413200
10.030001 -6.785999 -1.377300
12.940001 -4.437999 -0.567300
12.346001 -7.125999 -0.624100
26.668001 3.770001 -1.535100
3.564001 12.296001 -1.312300
10.846001 -4.263999 0.473200
15.760001 -13.005999 -0.139300
26.186001 -2.219999 -3.080385
3.884001 11.236001 2.506400
9.862001 4.982001 -0.104800
26.404001 5.846001 0.717100
-2.685999 -2.761999 2.292100
4.026001 1.950001 2.293200
16.376001 1.538001 1.664000
10.062001 4.884001 0.721000
6.124001 8.740001 -2.333900
22.522001 -0.803999 3.139500
5.718001 -0.691999 -1.301500
8.560001 -7.777999 -1.725600
12.208001 2.278001 -1.802100
25.042001 3.944001 0.964700
12.488001 1.608001 1.389600
15.106001 -8.349999 -1.426400
15.536001 1.218001 -0.115200
23.018001 0.026001 2.337000
21.328001 5.672001 2.358200
6.144001 0.514001 -2.922700
-5.631999 -1.449999 0.941200
-5.647999 -3.055999 0.353500
24.614001 2.132001 -2.035400
14.652001 1.624001 -0.728800
21.808001 0.780001 0.242500
6.096001 -3.511999 -0.934500
11.602001 -5.639999 -0.823900
11.126001 -4.297999 2.861900
16.980001 -9.609999 -1.699600
17.434001 2.428001 -0.299900
11.748001 3.804001 -1.058200
20.512001 -1.669999 -1.168500
22.918001 -2.219999 -2.186600
9.124001 -4.397999 -2.419400
24.814001 3.000001 -2.214400
-1.125999 0.226001 0.361100
25.024001 0.376001 -0.816400
12.952001 -5.105999 -0.806800
15.510001 -9.117999 1.436500
4.532001 13.184001 0.410700
26.722001 2.548001 -0.241400
7.194001 11.944001 2.761900
0.254001 -0.407999 -1.566000
11.608001 3.474001 -2.140000
6.510001 12.390001 2.807300
