12.850001 -1.949999 2.188200
6.950001 -1.649999 0.033300
-3.049999 1.050001 1.388400
25.150001 2.750001 -1.734100
1.600001 -1.599999 2.542900
16.400001 1.200001 1.706500
19.350001 6.650001 -1.153200
8.500001 -13.249999 1.129100
5.550001 7.250001 1.231100
2.700001 -0.549999 0.482500
8.300001 -1.999999 1.916900
18.600001 -2.449999 -3.035100
4.850001 6.600001 -0.695600
25.050001 -1.799999 -0.608100
27.500001 5.450001 -1.134600
18.750001 -0.249999 -0.121300
19.400001 -2.599999 -0.229500
3.400001 12.200001 -0.770900
7.400001 -1.999999 -0.002700
14.050001 -10.149999 -1.865700
3.850001 -3.049999 -0.702400
7.150001 4.350001 2.374500
26.800001 3.300001 0.053700
10.100001 -5.049999 -2.621800
5.700001 9.600001 -1.445200
-5.599999 2.550001 0.198700
-1.649999 -1.249999 2.998300
1.050001 -0.799999 -0.714900
11.050001 7.800001 -2.338200
19.750001 0.550001 -0.680300
-3.549999 -2.549999 0.372500
-5.499999 -2.849999 -2.583000
9.100001 3.350001 0.719600
10.500001 1.750001 -1.208100
10.550001 7.050001 -1.937500
-3.249999 0.100001 1.614500
-3.899999 -4.099999 -0.403200
19.500001 -1.849999 2.805700
6.950001 8.900001 1.904800
2.650001 -1.699999 -2.225800
17.100001 2.950001 -0.196400
7.050001 8.150001 3.096700
-5.349999 1.800001 1.322600
18.950001 7.700001 -1.202200
5.450001 0.550001 -2.215200
8.800001 -7.199999 -1.309700
24.550001 -1.149999 -1.848900
-6.649999 1.750001 -1.723300
0.050001 -3.599999 -2.579900
16.050001 -12.849999 2.598900
11.100001 -6.999999 2.629900
4.950001 10.750001 2.650600
9.650001 3.100001 -0.386600
7.200001 -5.249999 1.014000
17.850001 -1.549999 1.677100
-0.949999 12.500001 2.733000
-0.149999 11.800001 -1.103700
-1.099999 -1.799999 -0.103700
1.750001 1.400001 0.568700
12.150001 -2.249999 -2.887700
21.500001 2.950001 -0.374700
-5.449999 -2.999999 -2.738500
18.500001 -3.149999 0.603400
8.800001 -3.299999 -2.897200
11.300001 1.350001 1.307800
19.950001 6.300001 0.697800
12.350001 -4.049999 0.959100
26.150001 0.950001 -2.968300
11.300001 -6.849999 -0.484200
24.400001 4.150001 1.965600
15.600001 -2.149999 0.087100
15.100001 1.100001 -1.528700
10.250001 9.150001 -0.244800
12.800001 -1.549999 1.621200
24.650001 2.500001 -2.773100
5.550001 10.900001 -0.752200
-2.549999 1.900001 -1.569100
1.350001 -1.349999 -3.113300
7.000001 -4.949999 0.473300
11.600001 1.650001 -0.989000
20.000001 3.800001 -1.377600
27.150001 8.750001 2.275500
-7.449999 3.400001 -0.484100
-4.899999 -1.549999 -1.030000
11.250001 -0.749999 -3.044400
0.100001 1.900001 2.496600
24.200001 -2.999999 -2.314000
9.050001 -3.249999 -0.198400
13.300001 1.700001 -2.985900
24.750001 -0.949999 -0.835600
14.500001 -0.749999 1.444300
-0.049999 -2.199999 1.656700
10.900001 -6.899999 0.184300
13.000001 3.600001 3.046700
10.500001 -7.299999 0.408200
-1.949999 1.100001 1.613600
4.950001 2.950001 -2.277600
24.000001 2.650001 2.281900
16.550001 3.200001 0.666900
19.250001 3.050001 -3.111500
12.000001 -4.849999 3.060200
-3.399999 -3.949999 -1.917800
12.000001 1.050001 -1.420300
-4.249999 1.300001 1.155500
9.350001 0.800001 -1.209600
25.550001 -0.399999 1.622300
-5.649999 -1.049999 0.102900
7.200001 -4.949999 -1.226200
-3.749999 1.250001 -2.780200
-4.999999 -3.299999 -0.268900
7.750001 3.450001 0.596400
1.650001 -0.099999 -2.685700
6.100001 2.600001 -1.233600
13.600001 1.400001 -0.842800
10.300001 8.100001 1.467300
4.450001 7.850001 -2.908800
5.200001 12.650001 1.700500
13.150001 -3.449999 2.268000
24.550001 5.600001 2.810500
10.950001 2.500001 1.360500
12.150001 5.600001 0.595700
21.900001 -0.499999 0.019000
22.850001 3.050001 0.334700
12.700001 -3.199999 -2.532300
4.800001 0.750001 0.474000
-2.199999 2.950001 -2.703300
17.800001 4.500001 2.513800
24.700001 1.950001 1.183600
-1.499999 -2.599999 2.291600
6.700001 6.550001 2.283500
12.650001 0.200001 -1.228200
14.800001 0.850001 1.694700
9.100001 -2.749999 -2.465100
-5.249999 3.050001 1.279900
-6.499999 -1.349999 1.967700
5.450001 7.850001 -2.999500
-1.599999 -0.099999 -0.026100
-2.799999 2.850001 -1.483300
12.300001 1.700001 -1.120100
12.200001 -6.999999 1.809100
16.350001 -11.999999 -1.270800
-3.149999 5.000001 2.812200
3.500001 6.350001 1.954300
5.800001 3.650001 2.626100
25.850001 -1.549999 2.251000
10.350001 -7.299999 1.720500
5.950001 -0.799999 -1.830700
15.400001 -10.449999 0.875800
6.050001 11.450001 -3.138000
17.950001 -15.749999 3.138900
25.400001 2.400001 2.931300
12.550001 -1.149999 -1.613300
18.350001 -10.899999 -1.075500
26.700001 4.650001 0.742600
17.050001 0.250001 -0.044400
15.950001 -11.349999 -1.613900
2.550001 -3.699999 -1.792500
-7.299999 -1.599999 1.671000
13.150001 -0.199999 1.964700
26.900001 0.550001 1.324300
16.000001 2.950001 -1.378700
16.150001 -1.999999 -0.494300
22.250001 1.000001 2.643800
1.650001 -0.699999 1.716400
8.550001 -6.199999 -1.649600
17.250001 -1.149999 -2.850600
8.350001 1.450001 0.119500
18.600001 5.650001 1.188400
6.200001 -0.249999 0.957600
12.050001 2.200001 -0.043700
12.600001 -4.849999 -2.250800
5.400001 11.800001 -2.913700
8.400001 -0.399999 -2.714100
-4.749999 -0.399999 0.146400
6.800001 4.300001 -0.783200
6.100001 5.800001 -0.075900
17.150001 -2.649999 1.280800
14.900001 -3.699999 1.368700
21.250001 -3.549999 -0.021900
2.650001 2.100001 2.136300
15.500001 -9.949999 -2.578600
19.950001 -3.449999 -1.493000
-2.199999 -2.149999 2.983700
5.850001 -1.599999 -0.487900
4.850001 6.450001 -2.208900
5.900001 9.650001 -2.563200
8.500001 -1.049999 -0.182100
3.650001 -3.199999 0.516000
25.800001 0.950001 2.966700
8.350001 -7.899999 -2.895200
19.400001 3.050001 -0.239800
4.950001 1.600001 -2.583500
27.200001 7.500001 2.819600
10.550001 -8.099999 2.575600
-2.799999 0.400001 -0.325400
1.850001 1.950001 -3.050300
26.300001 5.500001 0.385100
8.800001 -7.249999 -0.158900
15.250001 -10.599999 2.097700
23.450001 -0.149999 1.635500
4.100001 -3.149999 -2.619800
-3.199999 1.050001 -1.875400
11.850001 -3.649999 -2.287500
8.350001 -7.249999 2.257100
20.950001 -3.199999 -2.566400
14.550001 2.450001 -1.819100
0.250001 2.000001 -2.866900
19.850001 -3.099999 0.141300
14.750001 -10.499999 -0.748700
-0.749999 11.550001 -1.762500
-4.549999 1.050001 0.331000
15.800001 -9.149999 -0.624300
-0.849999 -0.399999 -0.380400
2.200001 -1.549999 1.867900
1.500001 11.800001 -2.351200
6.650001 4.600001 2.823100
16.350001 -2.899999 3.018400
-3.399999 0.950001 -1.293200
11.050001 6.350001 -0.390500
19.050001 -1.999999 -0.496600
10.850001 4.700001 0.474900
-4.099999 0.350001 -0.899600
21.250001 -0.749999 0.897500
4.600001 -2.599999 0.615600
16.700001 -13.799999 -2.778000
-4.599999 -1.949999 0.769600
12.900001 1.550001 -3.129800
5.500001 3.300001 -2.788400
11.800001 4.800001 -2.453100
24.500001 -0.649999 1.967500
14.000001 -5.099999 -2.772600
4.800001 7.000001 -0.434700
12.700001 2.650001 2.684700
15.500001 -11.249999 -1.621500
13.750001 2.600001 2.457800
15.400001 -10.399999 -1.540000
-6.199999 0.700001 -1.750800
12.500001 -2.899999 -1.370500
16.100001 1.500001 0.138400
18.500001 -10.849999 1.284200
20.450001 4.850001 -2.321500
4.000001 8.250001 1.797000
12.750001 -1.849999 3.019600
6.850001 5.000001 -0.047300
8.550001 -3.199999 0.223500
-3.149999 2.500001 -2.187800
-5.649999 -3.449999 0.354300
26.800001 6.250001 -0.843400
6.900001 9.500001 0.088500
10.500001 3.200001 -1.534400
4.000001 11.100001 1.475000
-2.249999 2.700001 -1.843500
7.150001 -5.199999 2.598800
19.600001 6.750001 -1.991300
9.150001 -7.899999 -0.663300
27.350001 -2.799999 -2.495100
13.750001 1.650001 -1.410500
9.600001 0.750001 -0.607600
20.700001 -0.749999 -2.641600
7.950001 -5.849999 1.791500
20.700001 3.050001 1.086900
21.800001 3.250001 1.882900
24.950001 2.550001 -2.595400
9.350001 -3.749999 -2.539200
12.800001 -4.999999 1.792300
12.350001 -3.599999 0.561300
17.300001 -0.749999 -1.300700
-3.199999 3.050001 1.466400
-1.199999 2.200001 -0.780600
12.450001 2.600001 0.648600
20.350001 2.450001 1.711400
4.350001 8.100001 -1.078100
14.100001 -6.749999 1.769100
3.350001 -1.799999 -2.183200
-2.199999 0.300001 -0.725800
0.400001 2.400001 2.133100
12.850001 -0.049999 1.197600
11.100001 -6.999999 2.509000
17.100001 2.050001 0.797700
17.400001 -3.699999 0.571800
4.800001 9.700001 -1.597100
-7.499999 2.350001 -0.044600
4.000001 6.200001 -0.122300
7.050001 -1.749999 -0.114400
5.350001 6.800001 1.073800
16.400001 0.650001 2.050600
-1.049999 -2.399999 -2.179700
3.250001 -2.049999 -1.878800
21.300001 -1.199999 -2.809500
13.400001 -6.699999 -0.382100
26.750001 1.200001 1.395200
-6.199999 -3.399999 -0.831200
-3.499999 -3.649999 0.759500
4.350001 0.200001 0.370500
12.250001 -0.799999 -3.017100
21.900001 -0.149999 0.581900
10.600001 -3.049999 1.820600
-0.599999 12.250001 -1.329900
-6.349999 -0.599999 -0.923300
9.600001 4.800001 1.830200
7.350001 -2.799999 -1.319400
-3.549999 -1.099999 -0.146300
16.300001 2.700001 1.794600
15.900001 -9.249999 -0.058500
24.700001 -0.349999 -1.957500
-3.299999 2.100001 -0.324200
12.400001 -5.149999 -3.033600
-4.699999 1.900001 3.081400
6.350001 0.100001 1.915400
23.850001 -3.049999 2.510000
5.200001 6.550001 1.652400
5.600001 3.400001 0.731000
-3.449999 -2.949999 0.126600
-3.499999 0.050001 -2.441700
27.000001 -0.049999 -2.645600
2.200001 11.900001 2.823500
24.300001 -0.749999 0.466600
-5.999999 -0.749999 0.974700
8.000001 -2.349999 -2.591900
-1.549999 1.650001 -0.063700
9.000001 0.100001 2.599500
-0.849999 1.600001 -2.559900
-1.299999 -2.649999 -0.412100
26.850001 -3.499999 -2.925800
7.800001 -1.699999 0.113900
23.600001 0.650001 2.199800
2.750001 0.300001 -0.563400
-4.149999 -3.599999 -2.045300
17.050001 2.900001 -1.221400
15.250001 1.550001 0.423500
5.650001 2.550001 0.626000
18.450001 5.500001 -2.434600
10.700001 5.750001 -0.414500
9.350001 5.050001 -1.228800
23.800001 2.950001 2.733600
17.600001 -13.699999 -0.126300
6.150001 2.050001 2.566900
18.800001 3.950001 -0.203600
9.850001 -10.899999 0.178400
-6.199999 1.600001 -1.758100
6.600001 6.800001 -2.634300
13.350001 -6.499999 0.882900
-0.249999 2.350001 0.114000
6.000001 4.050001 -0.191200
19.300001 -3.249999 0.886700
-0.049999 12.300001 -1.143500
10.100001 -12.299999 -2.073200
8.850001 -2.899999 0.287000
2.050001 0.500001 -0.070000
20.000001 -3.249999 0.368800
15.300001 -2.849999 0.934200
-1.449999 -1.699999 -2.465300
6.600001 6.350001 2.288100
-7.199999 2.950001 -1.316200
1.800001 -1.299999 0.275200
20.150001 8.000001 -0.653200
5.050001 2.000001 2.514300
2.000001 -3.949999 0.857400
22.800001 -1.999999 2.203800
16.350001 0.850001 1.335000
25.700001 -2.399999 1.780300
16.250001 -12.149999 1.546000
16.550001 -10.149999 0.186500
22.000001 1.000001 2.012500
10.150001 3.250001 -2.802400
16.250001 -9.849999 -1.506600
14.450001 -8.899999 2.635100
11.500001 -6.299999 3.077000
4.300001 8.400001 -1.507700
-4.299999 -2.149999 2.834000
11.100001 -3.699999 2.966400
18.050001 -15.349999 2.432000
5.700001 7.200001 -1.358300
18.350001 5.100001 -1.292200
-3.699999 2.750001 1.723200
18.400001 0.050001 -1.070900
26.650001 3.200001 0.187500
18.150001 -2.049999 -0.534400
23.900001 -3.399999 2.382600
7.200001 2.100001 -2.672100
19.650001 2.450001 -2.186700
12.450001 -6.299999 -1.872200
3.950001 0.150001 -0.209700
-3.099999 -1.999999 -0.367100
16.000001 -3.099999 -1.143200
2.200001 -3.899999 -0.184700
3.300001 0.050001 0.052900
9.000001 -3.499999 -1.318800
3.000001 -4.299999 0.411200
4.600001 6.150001 2.889200
3.400001 10.750001 -2.176200
9.200001 -5.199999 -0.334100
12.150001 5.500001 3.003900
20.150001 5.050001 1.300600
12.950001 -3.399999 -1.880500
12.450001 0.550001 0.672900
3.100001 -3.449999 3.082200
16.500001 1.650001 2.058700
14.050001 -2.299999 -0.737900
-3.449999 2.650001 0.352200
24.750001 -0.149999 3.110400
-0.799999 12.050001 3.067800
14.050001 -2.099999 -0.729500
10.250001 -4.149999 -1.464600
4.350001 -1.399999 -1.434800
1.250001 -1.199999 2.992000
1.600001 0.150001 0.338600
26.700001 5.000001 0.468800
7.100001 4.450001 2.456500
5.100001 5.950001 -2.286500
4.400001 12.700001 1.230900
26.000001 1.750001 -0.202500
27.100001 0.600001 -2.520800
-3.949999 -1.299999 -1.405200
22.400001 0.650001 -0.455200
16.950001 -3.349999 -1.978900
23.200001 -0.449999 2.616400
4.700001 2.000001 1.678000
-2.549999 -0.949999 -2.983900
26.800001 2.800001 -0.771000
3.250001 -3.699999 1.301100
-2.999999 2.200001 1.325000
22.900001 2.950001 -2.418200
0.300001 -1.049999 1.280800
-4.699999 -3.549999 3.046900
26.700001 2.900001 1.967700
5.450001 2.650001 2.079400
7.000001 -1.099999 2.857100
5.050001 9.350001 1.890400
12.300001 3.050001 -1.881800
7.050001 5.750001 1.788800
23.400001 3.700001 -1.892100
-4.749999 -2.249999 -1.089400
-3.899999 -1.649999 -0.441800
6.350001 9.750001 -0.500700
8.200001 -0.449999 1.381700
5.550001 0.500001 -1.047300
26.300001 -1.149999 0.360400
9.650001 -1.699999 -2.308500
11.650001 5.550001 2.969000
1.450001 -0.149999 -2.918400
3.800001 2.500001 -0.111300
18.600001 -0.399999 -1.100300
-1.649999 1.700001 -2.343500
15.900001 1.600001 0.582100
2.050001 -1.299999 -0.940800
25.050001 1.200001 0.641600
5.600001 8.500001 1.123400
22.050001 -0.649999 -2.007700
26.950001 5.500001 1.283300
20.050001 -1.799999 1.904200
2.750001 -2.349999 -0.425500
21.450001 -3.149999 -0.952500
26.550001 -0.499999 1.110400
18.300001 3.650001 -1.235100
24.000001 3.250001 -2.033400
19.450001 2.750001 -0.662900
26.100001 0.650001 2.980100
13.750001 2.250001 -0.245300
5.500001 12.800001 -2.943700
3.600001 -2.149999 -2.648400
10.650001 -7.199999 -0.158900
10.500001 7.950001 3.005500
10.500001 5.800001 0.939400
-3.599999 -3.799999 -3.112300
12.250001 2.400001 -1.232600
26.950001 0.050001 -0.417400
11.000001 -3.099999 2.069000
8.900001 -10.449999 3.013600
8.300001 -7.799999 0.309800
12.550001 -7.999999 0.289200
1.150001 -2.899999 0.244500
-1.499999 0.400001 -1.703600
15.350001 1.850001 1.423600
-0.699999 -2.499999 -2.236900
16.800001 -14.449999 -0.889600
25.100001 1.150001 -0.165700
6.550001 12.350001 1.232100
7.100001 10.050001 0.082700
-4.649999 0.050001 2.672000
12.950001 -0.449999 -1.316900
20.700001 5.250001 -1.715900
20.000001 5.600001 -2.561900
11.250001 6.050001 -1.326300
6.750001 9.800001 1.013900
-2.299999 0.400001 -0.935900
20.200001 6.800001 0.712900
18.100001 -15.049999 2.780000
15.650001 -2.549999 -2.102600
9.300001 -2.999999 -1.736200
2.150001 -2.849999 1.027500
1.400001 -0.749999 -2.871100
14.400001 -2.049999 2.947500
2.100001 1.600001 1.335900
9.950001 0.700001 -2.980700
3.050001 2.000001 2.028600
24.750001 -0.349999 2.798400
13.200001 -6.999999 2.242200
11.800001 2.300001 2.697200
13.150001 -0.749999 0.236100
16.400001 0.600001 0.067100
9.000001 0.100001 0.368500
19.150001 3.450001 -2.540500
-2.299999 1.400001 0.504800
11.950001 1.400001 1.833500
7.350001 1.850001 -1.221200
23.900001 2.750001 -0.111600
25.450001 -1.749999 -1.826000
5.400001 8.500001 1.187100
15.600001 -11.249999 1.481600
25.350001 -3.599999 1.421600
4.000001 1.800001 -0.064100
25.700001 -1.299999 -1.906200
6.950001 8.600001 -0.731600
4.800001 0.200001 -2.673200
19.550001 5.350001 1.461400
21.750001 2.800001 -1.164800
19.950001 2.250001 0.871100
12.350001 -9.649999 1.093500
9.900001 -6.299999 0.040300
24.250001 3.350001 2.291700
1.100001 -1.249999 -0.795000
4.650001 0.850001 0.692000
21.800001 0.850001 2.626000
18.400001 -1.099999 0.261600
27.350001 0.650001 1.940500
10.500001 -7.449999 -1.216300
8.300001 -5.099999 -1.353500
5.650001 -2.599999 2.180100
1.550001 -0.849999 -2.194200
24.900001 -2.799999 -1.720700
-4.949999 -0.649999 -3.086600
8.800001 1.650001 -1.605400
13.400001 3.150001 0.816800
14.600001 -8.699999 0.964600
10.350001 7.950001 -1.052300
-3.399999 2.900001 2.692300
24.000001 -2.399999 0.969300
16.800001 -12.499999 -2.691600
16.450001 0.650001 -0.911500
2.400001 -3.199999 -0.075300
8.200001 -5.049999 1.095200
1.900001 2.600001 -0.135900
-2.949999 1.000001 2.275000
7.100001 2.450001 -3.129800
8.950001 1.900001 -1.495600
19.650001 -1.749999 -1.165200
9.750001 3.650001 0.459700
19.950001 0.350001 -0.685000
26.550001 1.300001 1.119200
27.450001 -3.549999 0.171100
5.950001 3.550001 -3.096400
20.550001 3.800001 -0.817100
5.250001 -3.199999 1.024300
-5.899999 -2.999999 -0.434400
13.350001 1.700001 -0.721600
19.650001 5.400001 0.265700
6.500001 -2.199999 2.009600
8.550001 2.000001 0.929800
21.650001 0.200001 -1.138600
5.700001 3.500001 -0.337500
12.550001 2.000001 1.374800
9.900001 -9.199999 -0.120000
26.750001 0.150001 1.598600
14.050001 -2.449999 0.936900
5.850001 2.600001 1.506400
-1.149999 -2.349999 2.081100
-6.249999 -3.999999 2.562200
5.100001 9.400001 -2.045700
-5.949999 1.800001 -0.369600
-0.949999 12.150001 1.422300
27.150001 5.200001 2.184600
-5.049999 -2.199999 -2.891400
4.750001 11.900001 2.799300
19.800001 -1.399999 2.230900
6.700001 4.800001 1.750400
14.400001 -11.599999 -1.748100
12.550001 -4.349999 2.563800
13.650001 0.950001 -1.031600
3.850001 -0.449999 2.363100
14.550001 -2.399999 -0.048000
-0.399999 1.850001 -1.158800
12.950001 -1.349999 -2.349100
23.200001 3.450001 -2.471100
22.300001 -0.749999 -0.834900
10.250001 -4.099999 0.784200
3.600001 11.950001 0.162000
2.950001 -3.099999 -0.140400
22.150001 2.700001 0.202800
27.150001 4.500001 -0.336500
5.250001 2.350001 0.689000
20.050001 3.900001 -2.715000
20.350001 3.100001 2.937600
23.850001 0.500001 -0.588300
0.000001 -0.199999 -1.979000
-6.899999 -1.499999 -0.129000
6.650001 4.750001 1.429900
14.800001 -1.249999 0.931700
10.100001 -12.199999 -0.589700
10.300001 -5.949999 -2.589000
8.800001 1.050001 1.823200
0.150001 -1.899999 0.037700
10.550001 3.600001 -1.291500
3.250001 12.400001 1.208900
10.100001 -11.999999 -1.880300
-1.949999 2.950001 -0.586900
10.700001 -5.699999 -2.158300
8.450001 -7.449999 2.178700
13.550001 -2.049999 1.734300
7.200001 -2.499999 -1.364900
17.800001 3.600001 -0.368800
26.300001 -1.549999 2.464900
-7.399999 2.200001 2.274400
8.450001 -2.049999 -1.752200
-4.099999 -2.249999 -2.990100
4.750001 11.650001 0.058700
7.750001 -3.599999 -2.157500
-5.499999 -2.699999 2.705000
10.700001 -5.749999 3.003900
26.650001 -0.949999 -1.666400
8.300001 -7.849999 2.147500
-1.799999 2.600001 -2.740600
16.800001 -10.349999 -0.363400
13.850001 -1.799999 0.450100
22.550001 -1.299999 1.068700
14.100001 1.450001 -0.134300
-4.799999 2.900001 -2.599900
10.350001 0.650001 -0.472200
13.250001 -7.349999 2.027800
3.800001 0.400001 -3.090500
2.150001 -0.549999 -0.834100
10.050001 -10.949999 -0.942800
5.800001 -1.549999 1.932500
-3.699999 -1.699999 -1.544800
24.350001 -0.799999 -1.716500
0.850001 -4.149999 0.061900
15.600001 1.300001 -2.305800
25.800001 -1.149999 0.775500
-0.549999 -1.299999 2.480200
13.800001 -3.499999 -1.770200
6.200001 4.100001 -2.075000
22.650001 -1.249999 -3.002800
25.300001 -2.499999 -0.749200
23.750001 -3.249999 -1.527600
14.100001 -5.849999 0.682000
-3.099999 5.200001 3.110200
0.300001 0.300001 2.551000
-3.999999 -0.449999 0.743100
24.050001 0.200001 -2.867300
6.100001 12.500001 -1.569800
-3.149999 2.000001 2.670600
26.150001 1.250001 -0.962800
24.050001 -2.099999 -1.068300
5.150001 6.300001 -0.490600
5.250001 -1.049999 -2.675100
4.650001 8.600001 2.039500
9.350001 -2.099999 2.278700
6.050001 -1.449999 2.768000
-2.049999 1.950001 1.575000
22.950001 -1.149999 1.014000
1.550001 1.550001 -2.419300
5.750001 8.150001 -0.961500
22.100001 2.850001 -1.012400
13.650001 -8.499999 3.066900
3.950001 11.050001 1.641900
27.250001 4.950001 2.806400
0.850001 12.200001 3.002800
2.750001 -0.299999 1.632600
15.050001 -1.799999 0.667800
3.500001 -1.599999 1.833800
18.200001 -3.649999 0.213400
20.700001 4.900001 -2.109800
6.050001 0.050001 -0.511200
8.400001 0.350001 2.620200
-3.049999 0.200001 -1.007400
-5.599999 -2.899999 0.939800
0.150001 1.800001 -2.963400
12.150001 -9.649999 2.513300
8.800001 -7.399999 1.799100
-5.099999 -2.849999 -2.104100
-0.249999 -1.599999 2.221600
26.700001 1.100001 -0.793000
4.600001 -0.499999 -2.007700
21.750001 2.400001 -1.075400
19.700001 3.750001 2.649100
8.800001 2.800001 1.439900
26.600001 4.700001 -2.590000
20.700001 -1.099999 3.127300
-6.749999 0.700001 0.309400
11.650001 1.200001 -1.924200
12.550001 -5.749999 -1.134300
11.850001 -3.249999 -0.004800
12.050001 1.650001 0.653400
9.350001 -2.699999 2.071200
15.350001 -0.449999 2.599600
2.850001 -3.649999 -2.228800
22.800001 -0.499999 0.912700
14.000001 -8.099999 -2.943500
-4.299999 -1.399999 1.886400
2.400001 0.450001 1.199300
-4.949999 2.250001 2.820500
6.100001 9.000001 0.541200
11.100001 7.050001 2.142400
24.500001 -3.299999 -0.196100
14.300001 -3.099999 1.036000
10.150001 -5.949999 1.907400
12.400001 -2.399999 -0.061500
26.900001 1.200001 3.051500
8.500001 2.350001 -3.099900
24.500001 -0.249999 -0.062700
19.000001 -2.249999 -1.901300
10.900001 -2.349999 2.013000
3.400001 2.050001 1.316600
9.900001 -3.699999 0.150200
5.400001 5.600001 -2.324700
9.350001 -4.949999 1.785600
20.850001 4.450001 -0.952300
14.200001 -7.399999 0.098500
15.700001 1.700001 2.436900
25.150001 3.050001 1.612600
5.400001 7.050001 -0.470900
5.500001 -2.949999 -0.134600
10.550001 -0.999999 2.163200
21.400001 -0.599999 0.906200
7.050001 -0.449999 0.358000
24.850001 -1.899999 -0.612700
8.550001 -8.399999 -2.046000
13.200001 -1.749999 -0.552100
6.350001 2.100001 0.455300
13.000001 2.200001 1.412100
6.000001 11.300001 -0.579900
1.300001 -3.799999 2.128200
6.950001 -5.149999 -1.628400
8.250001 -11.549999 0.100800
9.050001 -11.199999 -1.868100
11.200001 6.950001 0.797400
10.050001 3.250001 -2.690100
22.150001 -1.049999 -2.063300
10.500001 -7.549999 0.286400
8.900001 -4.999999 -2.472600
12.550001 -5.549999 -3.037100
11.950001 1.150001 1.869600
26.600001 -3.549999 1.731200
25.200001 -1.399999 -2.661900
8.550001 -1.699999 1.742000
21.200001 -3.649999 2.028200
3.750001 11.100001 -1.753800
26.150001 4.000001 1.162200
26.600001 -3.049999 1.680200
7.300001 -3.299999 -0.455400
6.900001 9.850001 1.434900
3.700001 -1.399999 -0.432900
-4.299999 -2.949999 -0.295300
21.950001 -3.299999 0.703400
3.450001 -1.799999 -2.405300
6.800001 -0.849999 1.191500
0.300001 12.000001 -1.044500
9.800001 5.000001 1.246000
15.800001 -0.949999 2.734500
6.700001 7.600001 -1.961000
0.000001 1.450001 -0.584300
7.450001 1.100001 3.043800
-4.799999 -3.999999 2.707400
-0.199999 2.600001 -0.158000
9.600001 -3.249999 -0.034600
18.350001 3.450001 -0.757500
-4.449999 0.750001 -1.122100
13.200001 -8.249999 0.596900
21.200001 -2.799999 2.535700
10.900001 5.350001 -2.474700
14.300001 -9.649999 -1.454900
24.750001 -2.199999 0.232100
25.950001 -2.699999 2.044000
26.900001 -2.499999 2.978600
21.950001 2.200001 2.773200
24.450001 -2.799999 -0.980900
-5.099999 0.750001 3.001400
9.350001 1.400001 2.283000
8.950001 -7.799999 1.564300
7.750001 3.300001 2.502400
8.650001 -11.549999 2.337800
8.600001 1.650001 -0.378500
19.000001 3.100001 -1.979600
18.000001 -13.649999 2.513800
1.950001 -2.249999 2.745600
3.700001 -2.499999 2.619100
6.850001 5.250001 -0.568300
25.050001 1.150001 2.178100
10.500001 -2.699999 -2.301000
0.450001 -4.149999 2.749300
10.000001 1.100001 -0.199600
20.950001 3.550001 -0.520800
-2.599999 0.900001 -1.612300
9.700001 4.300001 -2.419400
23.700001 -2.349999 3.107500
3.350001 0.350001 0.282100
14.100001 -1.999999 -1.379100
10.700001 8.100001 0.250600
0.700001 -1.349999 -1.349000
10.100001 -6.149999 3.021800
10.650001 -0.799999 -2.635500
17.950001 -1.149999 0.229900
4.350001 12.000001 2.050800
10.000001 -2.699999 2.795000
14.850001 -3.549999 1.901500
19.800001 -1.049999 -1.393600
9.100001 -1.249999 0.054600
5.300001 7.650001 -0.477300
7.300001 8.550001 -2.393900
10.600001 5.700001 2.735500
1.900001 1.200001 -2.909600
11.450001 4.850001 -0.066200
16.300001 0.950001 1.771800
4.950001 0.250001 -0.343700
12.750001 -1.599999 -0.028900
10.700001 -2.099999 2.451200
7.350001 1.750001 -3.085600
-2.549999 -0.599999 2.222800
9.900001 3.250001 -3.028500
11.900001 -2.799999 -1.811300
25.400001 -1.199999 1.899300
10.500001 1.600001 2.266400
21.550001 -2.499999 1.436400
6.200001 1.050001 0.245300
17.500001 -0.599999 2.870100
5.400001 2.750001 -0.937200
15.600001 -10.699999 -2.915200
-6.249999 2.300001 2.429100
17.400001 -14.699999 3.089200
2.850001 -4.299999 0.870600
-6.199999 -3.549999 2.411000
8.350001 -13.049999 -0.596800
4.400001 -0.549999 -1.524900
13.000001 -5.449999 2.939200
4.600001 9.800001 -0.610000
24.200001 -0.699999 0.607100
-3.649999 -0.999999 2.568600
1.550001 -2.049999 -1.039000
12.650001 -3.799999 -2.072300
7.000001 7.850001 -0.109100
-3.249999 3.150001 -2.882500
18.250001 5.750001 -1.392500
5.000001 5.850001 -2.911000
16.700001 -2.999999 1.102400
6.650001 10.500001 2.744900
7.100001 -1.999999 1.459600
0.900001 -2.499999 0.942000
13.750001 -1.149999 -0.980700
9.850001 6.000001 -0.747600
16.000001 -2.749999 -1.962500
-3.149999 -1.349999 2.187700
20.750001 2.750001 2.598300
0.450001 -1.799999 -2.040100
12.100001 -1.599999 -3.037300
17.000001 1.500001 2.213300
23.550001 -2.949999 1.419500
26.950001 4.800001 1.248700
8.400001 -5.149999 0.608300
-4.549999 3.100001 1.112600
14.350001 0.300001 -2.009300
9.200001 -12.799999 -2.237800
1.950001 0.850001 -0.932000
5.550001 12.950001 -2.003100
5.600001 4.250001 1.581400
-2.299999 -1.099999 -1.333400
4.500001 2.100001 -2.335400
-2.049999 3.100001 1.129900
0.700001 12.650001 -1.691700
5.400001 2.250001 -0.552100
11.100001 -4.699999 -2.744500
9.650001 -1.549999 -1.641400
7.750001 -5.749999 -2.669700
10.200001 -11.699999 -2.219100
6.200001 9.000001 1.219300
13.100001 3.300001 1.947300
-2.999999 3.050001 2.842100
8.450001 -3.099999 3.046900
-4.749999 0.550001 -1.184300
19.950001 -2.349999 -2.642400
10.900001 0.200001 3.079800
5.850001 3.000001 1.136900
15.500001 -11.649999 -2.821700
3.950001 -2.799999 -2.706800
12.900001 -3.799999 -0.779900
20.200001 -3.099999 0.556700
23.950001 0.200001 -1.870500
13.900001 -3.399999 1.121200
21.700001 2.950001 -1.244500
19.850001 2.200001 2.804200
16.700001 -1.499999 -0.720800
5.100001 0.700001 1.518400
14.300001 -7.799999 0.838300
19.550001 6.500001 1.307900
27.000001 -2.749999 2.934100
7.850001 -5.899999 -2.132800
2.900001 0.400001 2.438800
16.550001 3.500001 -1.186600
10.600001 -5.899999 -3.129300
5.050001 -3.699999 -2.508900
-5.299999 2.600001 -1.561100
14.100001 -0.849999 3.057400
17.650001 4.900001 -2.317700
16.450001 -0.549999 -2.507400
15.950001 -0.799999 -2.626100
0.400001 11.900001 1.399600
8.650001 -12.899999 0.883800
8.650001 -9.249999 1.889400
25.850001 3.650001 0.774500
16.700001 -14.399999 1.041500
11.450001 -4.249999 0.797800
25.500001 -0.599999 -2.095600
-2.349999 1.150001 2.560700
13.750001 -4.949999 -0.692000
9.650001 -1.149999 1.618100
15.350001 -1.999999 -2.642600
9.700001 1.000001 1.509500
3.900001 0.450001 0.666600
6.700001 6.800001 2.950600
4.250001 -1.999999 0.262000
9.300001 1.450001 -0.137700
14.600001 -0.349999 0.168600
19.250001 8.200001 2.258500
21.600001 -3.199999 -0.030300
19.250001 -2.849999 1.633900
9.250001 1.600001 -1.882300
1.400001 11.700001 -2.700600
10.050001 -2.149999 0.139100
6.750001 6.200001 -2.972000
8.200001 -2.899999 -2.593700
8.250001 -0.499999 -1.687000
2.650001 -3.399999 1.870600
11.500001 3.100001 -1.872700
-7.099999 -1.349999 -1.782700
9.350001 -1.049999 0.160200
5.850001 2.650001 0.854600
20.050001 3.650001 -0.551700
7.800001 -6.549999 -2.911500
-1.949999 2.050001 1.491600
11.400001 1.200001 -2.064700
16.000001 -10.599999 2.362200
9.500001 -2.249999 -1.358900
-3.899999 -2.749999 2.395800
4.550001 11.050001 1.527700
21.200001 -0.799999 0.030400
24.900001 -1.649999 -1.768100
0.200001 0.100001 3.103800
6.350001 12.150001 2.610900
20.000001 7.750001 -2.313200
10.600001 -6.549999 -1.435300
13.200001 -3.949999 -0.535300
12.450001 -6.749999 -0.586100
26.100001 3.500001 -1.629100
4.050001 11.850001 -1.390300
10.250001 -4.149999 0.473200
16.150001 -12.599999 -0.115300
26.700001 -2.749999 3.098800
4.100001 11.000001 2.408400
10.400001 4.700001 -0.116800
26.800001 5.650001 0.691100
-2.499999 -2.599999 2.384100
3.650001 2.050001 2.285200
15.950001 1.150001 1.664000
9.500001 4.450001 0.811000
5.600001 8.200001 -2.407900
23.050001 -0.999999 3.141500
6.200001 -0.849999 -1.291500
8.450001 -7.899999 -1.781600
12.100001 1.950001 -1.722100
25.550001 3.600001 0.884700
12.100001 1.850001 1.469600
15.150001 -8.849999 -1.468400
15.200001 1.050001 -0.213200
23.350001 0.450001 2.381000
20.900001 5.200001 2.362200
6.350001 0.000001 -2.898700
-6.199999 -1.199999 0.983200
-5.199999 -3.149999 0.343500
24.300001 1.700001 -1.947400
14.750001 2.050001 -0.628800
21.900001 0.600001 0.160500
5.800001 -3.149999 -0.854500
11.900001 -5.049999 -0.889900
10.600001 -3.749999 2.889900
16.500001 -9.449999 -1.611600
17.900001 2.700001 -0.381900
12.250001 3.550001 -1.016200
20.050001 -1.249999 -1.100500
23.100001 -1.799999 -2.124600
9.350001 -3.949999 -2.451400
25.350001 3.400001 -2.142400
-1.599999 0.700001 0.269100
25.500001 0.900001 -0.754400
13.300001 -5.499999 -0.860800
15.050001 -8.549999 1.502500
4.950001 12.700001 0.308700
26.950001 2.800001 -0.295400
6.950001 11.450001 2.683900
0.500001 -0.899999 -1.462000
11.750001 3.250001 -2.046000
6.500001 11.900001 2.759300
