12.855001 -1.904999 2.202200
7.137001 -1.358999 -0.017700
-3.105999 1.066001 1.432400
25.187001 2.819001 -1.707100
1.366001 -1.742999 2.591900
16.591001 1.360001 1.711500
19.081001 6.818001 -1.168200
8.749001 -13.023999 1.129100
5.678001 7.505001 1.263100
2.582001 -0.832999 0.467500
8.353001 -1.976999 1.932900
18.735001 -2.396999 -3.085100
4.653001 6.549001 -0.654600
25.149001 -2.063999 -0.609100
27.712001 5.194001 -1.116600
18.555001 -0.317999 -0.130300
19.611001 -2.771999 -0.254500
3.145001 12.330001 -0.735900
7.607001 -1.850999 -0.035700
13.960001 -9.872999 -1.854700
3.929001 -3.170999 -0.734400
7.257001 4.294001 2.396500
26.852001 3.181001 0.051700
10.018001 -5.188999 -2.656800
5.787001 9.815001 -1.401200
-5.321999 2.563001 0.209700
-1.788999 -1.148999 3.044300
0.927001 -0.613999 -0.683900
11.333001 7.543001 -2.372200
19.646001 0.471001 -0.716300
-3.461999 -2.745999 0.371500
-5.538999 -3.059999 -2.609000
8.809001 3.213001 0.745600
10.513001 1.472001 -1.247100
10.421001 7.035001 -1.944500
-3.212999 0.111001 1.580500
-3.671999 -4.236999 -0.453200
19.479001 -1.884999 2.770700
7.077001 8.681001 1.912800
2.527001 -1.891999 -2.252800
17.390001 3.099001 -0.161400
7.214001 8.364001 3.055700
-5.210999 1.752001 1.283600
19.105001 7.752001 -1.241200
5.738001 0.585001 -2.235200
8.675001 -7.369999 -1.299700
24.297001 -1.110999 -1.871900
-6.385999 1.931001 -1.736300
0.295001 -3.328999 -2.556900
16.266001 -12.706999 2.604900
11.267001 -6.943999 2.666900
4.773001 10.658001 2.700600
9.734001 3.163001 -0.378600
7.355001 -5.030999 0.984000
17.881001 -1.768999 1.636100
-0.937999 12.738001 2.778000
0.024001 11.761001 -1.121700
-0.980999 -1.657999 -0.101700
1.764001 1.363001 0.540700
12.155001 -2.281999 -2.926700
21.709001 2.928001 -0.358700
-5.169999 -3.059999 -2.751500
18.584001 -3.083999 0.582400
8.659001 -3.269999 -2.931200
11.208001 1.624001 1.327800
19.656001 6.360001 0.723800
12.354001 -3.834999 0.937100
25.955001 1.110001 -2.995300
11.273001 -7.130999 -0.531200
24.334001 4.046001 1.926600
15.840001 -2.399999 0.116100
15.237001 0.812001 -1.554700
10.413001 8.898001 -0.262800
12.665001 -1.320999 1.606200
24.698001 2.622001 -2.731100
5.590001 11.102001 -0.731200
-2.488999 1.677001 -1.587100
1.129001 -1.271999 3.126885
7.131001 -5.052999 0.443300
11.346001 1.924001 -0.938000
19.801001 3.809001 -1.403600
27.016001 8.832001 2.230500
-7.204999 3.592001 -0.519100
-4.660999 -1.547999 -1.018000
11.080001 -0.980999 -3.035400
0.365001 2.097001 2.515600
24.307001 -2.989999 -2.332000
8.793001 -3.316999 -0.195400
13.542001 1.947001 -2.951900
24.920001 -0.926999 -0.828600
14.387001 -0.924999 1.409300
0.184001 -1.915999 1.659700
10.919001 -7.057999 0.180300
13.256001 3.484001 3.031700
10.523001 -7.122999 0.448200
-1.805999 1.023001 1.593600
5.047001 3.245001 -2.263600
24.153001 2.363001 2.282900
16.280001 2.933001 0.617900
19.468001 2.948001 -3.115500
12.219001 -5.126999 3.036200
-3.619999 -3.826999 -1.877800
11.963001 1.243001 -1.449300
-4.134999 1.226001 1.177500
9.525001 0.832001 -1.187600
25.510001 -0.153999 1.613300
-5.914999 -1.151999 0.151900
7.036001 -5.220999 -1.263200
-3.934999 1.074001 -2.779200
-5.087999 -3.389999 -0.244900
7.791001 3.417001 0.614400
1.426001 -0.162999 -2.702700
6.102001 2.712001 -1.192600
13.721001 1.501001 -0.813800
10.449001 7.975001 1.506300
4.352001 7.716001 -2.928800
5.224001 12.774001 1.726500
13.189001 -3.157999 2.225000
24.767001 5.683001 2.767500
11.047001 2.668001 1.409500
11.973001 5.705001 0.583700
22.132001 -0.215999 -0.001000
23.127001 2.891001 0.294700
12.904001 -3.220999 -2.497300
4.761001 0.553001 0.505000
-2.108999 3.032001 -2.721300
17.736001 4.505001 2.534800
24.866001 2.165001 1.204600
-1.263999 -2.359999 2.270600
6.638001 6.811001 2.304500
12.512001 0.004001 -1.179200
14.543001 1.032001 1.659700
9.020001 -2.518999 -2.434100
-5.152999 2.795001 1.289900
-6.681999 -1.203999 1.923700
5.382001 8.095001 -3.015500
-1.420999 -0.161999 0.012900
-2.684999 2.647001 -1.491300
12.047001 1.926001 -1.096100
12.007001 -6.919999 1.857100
16.441001 -11.785999 -1.296800
-2.947999 4.722001 2.845200
3.798001 6.366001 1.917300
5.827001 3.765001 2.615100
26.097001 -1.384999 2.225000
10.502001 -7.376999 1.766500
6.148001 -0.801999 -1.848700
15.675001 -10.361999 0.890800
5.889001 11.746001 3.110185
18.159001 -15.912999 3.095900
25.519001 2.623001 2.881300
12.821001 -1.123999 -1.606300
18.532001 -10.828999 -1.082500
26.643001 4.622001 0.731600
17.089001 0.535001 -0.061400
16.184001 -11.225999 -1.644900
2.733001 -3.749999 -1.789500
-7.423999 -1.695999 1.650000
12.864001 -0.352999 1.975700
26.992001 0.842001 1.286300
16.132001 3.125001 -1.366700
16.197001 -1.771999 -0.528300
22.482001 1.089001 2.672800
1.622001 -0.584999 1.750400
8.812001 -6.211999 -1.621600
16.963001 -1.174999 -2.898600
8.283001 1.589001 0.073500
18.579001 5.503001 1.171400
6.168001 -0.429999 0.916600
11.973001 2.180001 -0.018700
12.427001 -5.002999 -2.260800
5.594001 11.506001 -2.889700
8.407001 -0.590999 -2.703100
-4.639999 -0.265999 0.188400
6.646001 4.499001 -0.762200
6.206001 5.516001 -0.113900
16.986001 -2.795999 1.291800
14.983001 -3.518999 1.335700
20.996001 -3.342999 -0.014900
2.372001 2.050001 2.135300
15.320001 -9.973999 -2.572600
19.683001 -3.530999 -1.477000
-1.945999 -1.900999 2.943700
6.013001 -1.435999 -0.449900
4.607001 6.673001 -2.161900
6.196001 9.512001 -2.596200
8.596001 -0.826999 -0.208100
3.894001 -3.125999 0.510000
25.531001 1.018001 2.995700
8.628001 -8.110999 -2.925200
19.543001 3.305001 -0.236800
5.143001 1.792001 -2.552500
26.956001 7.268001 2.779600
10.549001 -7.899999 2.613600
-3.087999 0.156001 -0.275400
1.911001 1.939001 -3.010300
26.359001 5.654001 0.361100
8.890001 -7.470999 -0.166900
15.307001 -10.758999 2.090700
23.341001 -0.076999 1.645500
4.025001 -3.447999 -2.629800
-3.082999 0.911001 -1.850400
11.815001 -3.569999 -2.289500
8.623001 -7.092999 2.261100
20.857001 -3.315999 -2.550400
14.699001 2.564001 -1.823100
0.446001 2.171001 -2.856900
19.633001 -3.389999 0.179300
15.036001 -10.340999 -0.738700
-0.454999 11.825001 -1.808500
-4.609999 0.915001 0.327000
15.634001 -9.233999 -0.631300
-1.057999 -0.370999 -0.346400
2.337001 -1.479999 1.893900
1.747001 11.577001 -2.309200
6.487001 4.482001 2.776100
16.290001 -2.882999 2.988400
-3.283999 0.698001 -1.316200
10.985001 6.501001 -0.391500
19.189001 -1.729999 -0.470600
10.645001 4.742001 0.516900
-3.925999 0.371001 -0.886600
21.468001 -0.852999 0.883500
4.429001 -2.898999 0.630600
16.760001 -13.862999 -2.742000
-4.474999 -1.981999 0.754600
13.100001 1.383001 3.110385
5.697001 3.309001 -2.818400
12.014001 4.631001 -2.428100
24.581001 -0.714999 1.978500
13.971001 -4.815999 -2.723600
4.725001 7.196001 -0.408700
12.780001 2.541001 2.701700
15.237001 -11.459999 -1.626500
13.480001 2.425001 2.456800
15.698001 -10.671999 -1.527000
-6.257999 0.778001 -1.756800
12.550001 -2.966999 -1.391500
16.218001 1.546001 0.152400
18.305001 -10.721999 1.278200
20.716001 5.125001 -2.272500
3.952001 8.160001 1.813000
12.721001 -1.551999 2.993600
7.103001 4.834001 -0.095300
8.638001 -3.243999 0.217500
-3.414999 2.764001 -2.177800
-5.400999 -3.637999 0.337300
26.593001 6.229001 -0.865400
7.141001 9.308001 0.095500
10.745001 3.315001 -1.582400
4.116001 11.192001 1.515000
-2.113999 2.764001 -1.871500
7.022001 -5.326999 2.567800
19.874001 6.643001 -1.976300
9.094001 -7.824999 -0.646300
27.072001 -2.962999 -2.541100
13.719001 1.813001 -1.444500
9.312001 0.746001 -0.557600
20.741001 -0.622999 -2.663600
7.805001 -5.918999 1.799500
20.510001 2.835001 1.091900
21.582001 3.099001 1.918900
24.817001 2.351001 -2.610400
9.526001 -3.920999 -2.535200
12.635001 -5.158999 1.776300
12.059001 -3.803999 0.565300
17.178001 -0.548999 -1.294700
-3.383999 3.314001 1.421400
-1.005999 2.055001 -0.758600
12.213001 2.625001 0.697600
20.275001 2.415001 1.661400
4.467001 8.187001 -1.096100
13.943001 -6.568999 1.726100
3.400001 -1.716999 -2.211200
-2.409999 0.023001 -0.685800
0.364001 2.541001 2.116100
12.665001 0.200001 1.193600
11.239001 -6.939999 2.558000
17.132001 1.942001 0.778700
17.520001 -3.433999 0.535800
4.782001 9.587001 -1.633100
-7.551999 2.076001 -0.000600
4.216001 6.185001 -0.133300
7.240001 -1.565999 -0.101400
5.103001 6.645001 1.112800
16.235001 0.519001 2.050600
-0.808999 -2.332999 -2.210700
3.516001 -2.030999 -1.891800
21.328001 -1.449999 -2.838500
13.414001 -6.447999 -0.405100
26.826001 1.204001 1.378200
-5.915999 -3.200999 -0.820200
-3.242999 -3.560999 0.725500
4.232001 0.498001 0.336500
12.082001 -0.856999 -2.968100
21.660001 -0.020999 0.581900
10.726001 -3.065999 1.793600
-0.619999 12.522001 -1.364900
-6.571999 -0.523999 -0.910300
9.354001 4.526001 1.868200
7.586001 -2.979999 -1.356400
-3.343999 -1.052999 -0.120300
16.271001 2.795001 1.838600
15.739001 -9.421999 -0.069500
24.599001 -0.124999 -1.962500
-3.152999 1.920001 -0.307200
12.419001 -5.075999 -3.081600
-4.901999 2.014001 3.120400
6.115001 0.000001 1.918400
23.919001 -3.347999 2.510000
5.003001 6.278001 1.649400
5.597001 3.305001 0.707000
-3.684999 -3.200999 0.080600
-3.618999 0.274001 -2.473700
27.278001 -0.289999 -2.640600
1.910001 11.725001 2.856500
24.339001 -0.706999 0.497600
-6.067999 -0.581999 1.016700
7.966001 -2.183999 -2.581900
-1.498999 1.857001 -0.035700
9.299001 -0.107999 2.586500
-0.924999 1.545001 -2.538900
-1.298999 -2.617999 -0.422100
26.555001 -3.752999 -2.880800
7.952001 -1.828999 0.145900
23.477001 0.551001 2.216800
2.944001 0.018001 -0.522400
-4.442999 -3.514999 -2.035300
16.860001 2.939001 -1.272400
15.273001 1.707001 0.465500
5.934001 2.507001 0.638000
18.207001 5.266001 -2.387600
10.969001 6.041001 -0.421500
9.617001 5.225001 -1.275800
24.041001 2.659001 2.747600
17.518001 -13.776999 -0.105300
6.018001 2.218001 2.613900
18.531001 3.905001 -0.245600
9.828001 -11.184999 0.163400
-6.152999 1.377001 -1.741100
6.823001 6.608001 -2.660300
13.498001 -6.593999 0.841900
-0.051999 2.420001 0.131000
5.928001 4.172001 -0.189200
19.303001 -3.510999 0.905700
0.179001 12.489001 -1.154500
10.327001 -12.394999 -2.054200
8.667001 -3.009999 0.272000
1.827001 0.208001 -0.118000
19.809001 -3.391999 0.322800
15.341001 -2.764999 0.955200
-1.156999 -1.550999 -2.464300
6.302001 6.292001 2.264100
-7.371999 2.793001 -1.313200
1.837001 -1.499999 0.231200
20.039001 7.843001 -0.697200
4.765001 2.199001 2.519300
2.177001 -3.855999 0.843400
22.550001 -2.147999 2.241800
16.082001 0.879001 1.369000
25.612001 -2.331999 1.746300
16.044001 -12.012999 1.589000
16.377001 -10.308999 0.155500
21.850001 1.114001 2.046500
10.018001 3.145001 -2.756400
16.422001 -9.678999 -1.490600
14.209001 -8.940999 2.644100
11.695001 -6.442999 3.052000
4.389001 8.127001 -1.532700
-4.230999 -1.911999 2.816000
11.391001 -3.470999 2.986400
18.310001 -15.469999 2.468000
5.993001 7.042001 -1.315300
18.188001 4.833001 -1.300200
-3.917999 2.658001 1.754200
18.122001 0.011001 -1.085900
26.770001 2.957001 0.165500
18.329001 -1.963999 -0.545400
23.618001 -3.175999 2.373600
7.108001 2.249001 -2.712100
19.608001 2.235001 -2.169700
12.159001 -6.079999 -1.886200
4.075001 -0.073999 -0.175700
-3.292999 -2.279999 -0.402100
16.269001 -3.321999 -1.116200
2.054001 -4.132999 -0.154700
3.416001 0.208001 0.015900
8.725001 -3.538999 -1.298800
2.732001 -4.175999 0.417200
4.818001 6.281001 2.925200
3.312001 10.688001 -2.147200
9.487001 -5.367999 -0.383100
11.890001 5.747001 2.983900
20.300001 4.955001 1.334600
12.793001 -3.428999 -1.896500
12.454001 0.585001 0.656900
3.283001 -3.231999 3.031200
16.783001 1.501001 2.067700
13.937001 -2.246999 -0.782900
-3.243999 2.418001 0.322200
25.002001 -0.025999 3.076400
-0.824999 12.113001 3.090800
13.861001 -2.252999 -0.779500
9.964001 -4.361999 -1.496600
4.600001 -1.454999 -1.430800
1.369001 -0.926999 2.998000
1.833001 -0.010999 0.298600
26.915001 5.237001 0.499800
7.302001 4.310001 2.497500
5.243001 6.231001 -2.248500
4.547001 12.819001 1.261900
26.082001 1.594001 -0.202500
27.031001 0.517001 -2.563800
-3.948999 -1.268999 -1.377200
22.150001 0.855001 -0.499200
16.979001 -3.576999 -1.999900
23.235001 -0.199999 2.573400
4.900001 2.185001 1.719000
-2.315999 -0.735999 -2.932900
26.880001 2.759001 -0.740000
3.135001 -3.550999 1.259100
-2.764999 2.469001 1.278000
22.733001 3.220001 -2.397200
0.544001 -0.820999 1.300800
-4.491999 -3.450999 3.010900
26.806001 3.121001 1.937700
5.389001 2.585001 2.102400
6.730001 -0.994999 2.866100
5.185001 9.473001 1.941400
12.399001 2.801001 -1.884800
7.054001 5.786001 1.742800
23.508001 3.729001 -1.924100
-4.768999 -2.122999 -1.057400
-3.609999 -1.674999 -0.458800
6.503001 9.931001 -0.509700
8.109001 -0.248999 1.348700
5.844001 0.449001 -1.069300
26.179001 -1.131999 0.339400
9.508001 -1.524999 -2.289500
11.801001 5.691001 2.964000
1.592001 -0.212999 -2.940400
3.767001 2.631001 -0.106300
18.405001 -0.353999 -1.108300
-1.685999 1.725001 -2.320500
15.856001 1.523001 0.576100
2.152001 -1.052999 -0.972800
24.763001 1.018001 0.655600
5.369001 8.587001 1.164400
22.212001 -0.759999 -1.964700
26.958001 5.594001 1.298300
20.347001 -1.547999 1.946200
2.663001 -2.186999 -0.396500
21.580001 -2.855999 -0.973500
26.465001 -0.591999 1.097400
18.561001 3.568001 -1.214100
23.970001 3.124001 -2.060400
19.274001 2.865001 -0.685900
26.215001 0.631001 2.963100
13.726001 2.222001 -0.254300
5.776001 12.791001 -2.983700
3.462001 -2.158999 -2.669400
10.773001 -7.137999 -0.159900
10.624001 7.854001 3.015500
10.382001 5.968001 0.986400
-3.426999 -3.945999 -3.083300
12.475001 2.186001 -1.247600
26.784001 0.005001 -0.383400
10.706001 -3.254999 2.105000
9.164001 -10.190999 3.048600
8.185001 -7.843999 0.281800
12.717001 -7.800999 0.256200
1.337001 -2.735999 0.221500
-1.277999 0.248001 -1.660600
15.390001 1.755001 1.374600
-0.797999 -2.477999 -2.274900
16.689001 -14.682999 -0.923600
24.986001 1.389001 -0.167700
6.297001 12.264001 1.191100
7.219001 10.053001 0.120700
-4.720999 0.327001 2.704000
13.138001 -0.559999 -1.294900
20.530001 5.047001 -1.749900
20.084001 5.813001 -2.554900
11.323001 6.073001 -1.302300
6.735001 9.877001 1.033900
-2.581999 0.515001 -0.894900
19.924001 7.093001 0.746900
18.286001 -15.277999 2.769000
15.571001 -2.514999 -2.114600
9.597001 -2.780999 -1.766200
1.965001 -2.854999 0.986500
1.168001 -0.954999 -2.844100
14.316001 -1.945999 2.976500
2.251001 1.853001 1.356900
9.995001 0.636001 -3.024700
2.945001 2.036001 1.991600
24.733001 -0.566999 2.826400
13.214001 -6.916999 2.212200
11.762001 2.137001 2.748200
13.309001 -0.714999 0.234100
16.696001 0.674001 0.052100
9.169001 0.260001 0.382500
19.124001 3.518001 -2.546500
-2.384999 1.226001 0.555800
11.692001 1.439001 1.877500
7.145001 1.683001 -1.262200
24.008001 2.913001 -0.078600
25.492001 -1.642999 -1.836000
5.521001 8.655001 1.230100
15.802001 -11.223999 1.518600
25.334001 -3.773999 1.406600
4.196001 1.650001 -0.031100
25.681001 -1.543999 -1.894200
6.854001 8.444001 -0.680600
4.668001 0.063001 -2.637200
19.599001 5.083001 1.451400
21.550001 2.945001 -1.192800
19.963001 2.369001 0.891100
12.387001 -9.627999 1.110500
9.890001 -6.353999 0.088300
24.285001 3.224001 2.270700
0.832001 -1.429999 -0.744000
4.903001 0.897001 0.722000
21.834001 0.998001 2.621000
18.658001 -1.000999 0.280600
27.436001 0.704001 1.918500
10.216001 -7.244999 -1.248300
8.290001 -5.102999 -1.394500
5.407001 -2.431999 2.184100
1.331001 -0.670999 -2.220200
24.819001 -2.800999 -1.683700
-4.818999 -0.652999 -3.120600
8.698001 1.684001 -1.655400
13.246001 2.988001 0.842800
14.436001 -8.901999 0.973600
10.502001 7.682001 -1.006300
-3.132999 2.855001 2.725300
24.160001 -2.342999 0.957300
16.978001 -12.786999 -2.722600
16.480001 0.665001 -0.887500
2.547001 -3.067999 -0.039300
8.157001 -5.044999 1.114200
1.652001 2.500001 -0.109900
-2.748999 0.915001 2.251000
7.096001 2.617001 3.104385
8.706001 2.124001 -1.487600
19.796001 -1.494999 -1.169200
9.581001 3.626001 0.408700
20.164001 0.425001 -0.726000
26.264001 1.023001 1.127200
27.556001 -3.611999 0.207100
5.697001 3.257001 -3.127400
20.552001 3.936001 -0.807100
5.128001 -3.192999 1.030300
-5.652999 -3.294999 -0.392400
13.320001 1.939001 -0.729600
19.931001 5.280001 0.304700
6.789001 -2.461999 2.013600
8.597001 1.794001 0.890800
21.664001 0.433001 -1.152600
5.447001 3.762001 -0.339500
12.535001 1.771001 1.346800
10.071001 -9.061999 -0.104000
26.713001 0.379001 1.561600
13.806001 -2.325999 0.919900
5.763001 2.720001 1.509400
-1.439999 -2.499999 2.071100
-6.493999 -3.953999 2.606200
5.390001 9.251001 -2.071700
-6.064999 1.993001 -0.350600
-1.204999 12.139001 1.383300
26.870001 5.087001 2.140600
-4.942999 -2.304999 -2.883400
5.004001 11.885001 2.826300
19.928001 -1.405999 2.193900
6.964001 4.538001 1.709400
14.393001 -11.318999 -1.763100
12.634001 -4.267999 2.576800
13.493001 1.237001 -1.026600
4.123001 -0.408999 2.324100
14.277001 -2.115999 -0.052000
-0.125999 1.782001 -1.150800
12.807001 -1.459999 -2.319100
22.953001 3.540001 -2.453100
22.553001 -0.689999 -0.797900
10.327001 -4.265999 0.770200
3.846001 12.059001 0.206000
2.954001 -3.347999 -0.099400
22.220001 2.715001 0.235800
27.081001 4.349001 -0.332500
5.420001 2.164001 0.717000
19.819001 3.877001 -2.684000
20.318001 3.244001 2.904600
23.977001 0.348001 -0.576300
-0.066999 -0.078999 -2.017000
-6.703999 -1.756999 -0.173000
6.579001 4.834001 1.445900
14.902001 -1.402999 0.964700
10.024001 -12.055999 -0.597700
10.570001 -5.666999 -2.596000
9.029001 0.989001 1.874200
0.304001 -1.725999 0.072700
10.306001 3.808001 -1.254500
3.528001 12.289001 1.247900
10.019001 -12.025999 -1.901300
-2.193999 2.875001 -0.560900
10.840001 -5.814999 -2.150300
8.323001 -7.285999 2.163700
13.577001 -2.059999 1.743300
7.401001 -2.718999 -1.334900
18.018001 3.473001 -0.365800
26.336001 -1.564999 2.456900
-7.568999 2.109001 2.305400
8.712001 -2.037999 -1.743200
-4.162999 -2.287999 -3.036100
4.891001 11.823001 0.108700
7.702001 -3.726999 -2.184500
-5.663999 -2.839999 2.688000
10.648001 -5.728999 3.034900
26.883001 -1.234999 -1.653400
8.395001 -7.953999 2.118500
-1.651999 2.315001 -2.775600
16.983001 -10.482999 -0.356400
14.137001 -1.729999 0.435100
22.848001 -1.424999 1.071700
13.853001 1.591001 -0.123300
-4.956999 2.698001 -2.607900
10.177001 0.635001 -0.423200
13.188001 -7.452999 2.033800
3.796001 0.689001 -3.071500
2.315001 -0.418999 -0.792100
9.807001 -11.047999 -0.991800
5.861001 -1.794999 1.881500
-3.609999 -1.685999 -1.546800
24.390001 -1.079999 -1.716500
0.942001 -3.952999 0.042900
15.726001 1.374001 -2.314800
25.791001 -1.337999 0.739500
-0.257999 -1.272999 2.511200
13.783001 -3.440999 -1.798200
6.261001 3.895001 -2.047000
22.892001 -1.046999 -3.015800
25.343001 -2.331999 -0.742200
23.805001 -3.532999 -1.575600
14.286001 -5.889999 0.693000
-2.977999 5.097001 3.134200
0.075001 0.517001 2.503000
-3.897999 -0.683999 0.721100
23.903001 0.027001 -2.874300
6.201001 12.351001 -1.580800
-3.288999 2.078001 2.647600
26.301001 1.340001 -0.922800
24.248001 -2.065999 -1.032300
4.869001 6.270001 -0.466600
5.426001 -1.313999 -2.655100
4.415001 8.303001 1.998500
9.065001 -2.145999 2.279700
6.041001 -1.188999 2.792000
-2.314999 1.949001 1.584000
22.968001 -1.331999 0.983000
1.801001 1.453001 -2.373300
5.603001 8.447001 -0.997500
22.207001 2.975001 -1.046400
13.946001 -8.207999 3.078900
3.758001 11.212001 1.643900
27.465001 5.011001 2.764400
0.891001 12.401001 2.975800
2.718001 -0.048999 1.617600
15.348001 -1.509999 0.638800
3.526001 -1.581999 1.816800
18.364001 -3.744999 0.203400
20.840001 5.134001 -2.115800
6.014001 0.335001 -0.495200
8.146001 0.056001 2.645200
-3.068999 -0.025999 -1.048400
-5.778999 -2.609999 0.971800
0.000001 1.902001 -2.962400
11.960001 -9.425999 2.511300
8.673001 -7.143999 1.779100
-5.083999 -3.108999 -2.155100
-0.192999 -1.318999 2.259600
26.446001 1.131001 -0.748000
4.825001 -0.734999 -1.977700
21.585001 2.536001 -1.123400
19.839001 3.783001 2.608100
8.653001 2.816001 1.483900
26.536001 4.937001 -2.572000
20.551001 -0.957999 3.099300
-6.650999 0.447001 0.292400
11.612001 1.398001 -1.954200
12.529001 -5.996999 -1.155300
11.887001 -3.535999 -0.007800
12.235001 1.635001 0.688400
9.531001 -2.993999 2.070200
15.410001 -0.689999 2.588600
2.753001 -3.529999 -2.223800
23.051001 -0.791999 0.948700
13.822001 -8.051999 -2.909500
-4.053999 -1.574999 1.924400
2.531001 0.535001 1.245300
-5.060999 1.958001 2.782500
6.141001 9.062001 0.530200
11.314001 7.259001 2.182400
24.530001 -3.128999 -0.149100
14.545001 -2.910999 1.040000
10.165001 -6.098999 1.945400
12.541001 -2.486999 -0.096500
27.162001 1.343001 3.079500
8.744001 2.529001 -3.099900
24.210001 -0.003999 -0.041700
18.767001 -2.232999 -1.885300
10.740001 -2.128999 2.056000
3.328001 2.159001 1.290600
10.140001 -3.439999 0.177200
5.449001 5.766001 -2.302700
9.312001 -4.755999 1.825600
20.687001 4.396001 -0.965300
14.291001 -7.271999 0.108500
15.433001 1.897001 2.458900
24.965001 2.959001 1.636600
5.528001 6.833001 -0.515900
5.667001 -2.883999 -0.166600
10.410001 -0.783999 2.117200
21.264001 -0.608999 0.926200
6.884001 -0.460999 0.307000
24.754001 -2.090999 -0.615700
8.830001 -8.436999 -2.042000
12.988001 -1.903999 -0.529100
6.059001 2.102001 0.437300
12.905001 1.962001 1.379100
5.926001 11.328001 -0.593900
1.010001 -3.921999 2.110200
6.721001 -5.158999 -1.582400
8.271001 -11.818999 0.081800
8.797001 -11.098999 -1.888100
11.385001 6.792001 0.801400
10.295001 3.402001 -2.684100
22.091001 -0.885999 -2.072300
10.599001 -7.522999 0.254400
8.882001 -4.815999 -2.439600
12.412001 -5.686999 -3.063100
11.751001 1.217001 1.890600
26.626001 -3.428999 1.700200
25.438001 -1.125999 -2.623900
8.487001 -1.765999 1.758000
21.231001 -3.590999 2.014200
3.687001 11.036001 -1.704800
25.974001 4.283001 1.184200
26.446001 -3.032999 1.651200
7.166001 -3.125999 -0.453400
6.685001 10.108001 1.386900
3.532001 -1.163999 -0.449900
-4.578999 -2.754999 -0.253300
21.896001 -3.080999 0.724400
3.621001 -1.902999 -2.454300
6.525001 -0.926999 1.167500
0.118001 12.059001 -1.026500
9.690001 4.928001 1.277000
15.667001 -0.734999 2.782500
6.418001 7.521001 -2.009000
-0.273999 1.606001 -0.560300
7.662001 1.155001 3.077800
-4.873999 -4.124999 2.666400
-0.231999 2.427001 -0.120000
9.307001 -3.389999 -0.075600
18.565001 3.419001 -0.756500
-4.546999 0.458001 -1.164100
13.089001 -8.478999 0.579900
21.205001 -2.503999 2.553700
11.034001 5.234001 -2.433700
14.282001 -9.693999 -1.421900
24.759001 -1.945999 0.214100
25.982001 -2.760999 2.009000
27.108001 -2.350999 2.988600
21.836001 2.352001 2.823200
24.161001 -2.668999 -0.969900
-5.365999 1.008001 3.049400
9.183001 1.280001 2.256000
8.989001 -7.626999 1.570300
7.794001 3.222001 2.504400
8.878001 -11.688999 2.333800
8.404001 1.773001 -0.343500
18.912001 3.340001 -2.021600
17.974001 -13.740999 2.479800
1.978001 -2.228999 2.778600
3.469001 -2.342999 2.609100
6.767001 5.044001 -0.564300
25.148001 1.305001 2.198100
10.211001 -2.585999 -2.351000
0.417001 -4.009999 2.761300
10.086001 1.070001 -0.228600
21.240001 3.371001 -0.482800
-2.450999 0.848001 -1.641300
9.639001 4.537001 -2.449400
23.478001 -2.542999 3.130500
3.482001 0.306001 0.233100
13.922001 -2.295999 -1.415100
10.969001 7.972001 0.238600
0.881001 -1.072999 -1.317000
9.854001 -6.353999 2.976800
10.683001 -0.591999 -2.660500
18.137001 -0.888999 0.212900
4.392001 11.973001 2.066800
9.888001 -2.876999 2.783000
15.009001 -3.688999 1.895500
19.575001 -0.787999 -1.375600
8.841001 -1.367999 0.079600
5.481001 7.931001 -0.444300
7.046001 8.546001 -2.423900
10.896001 5.488001 2.769500
1.898001 1.435001 -2.865600
11.348001 4.563001 -0.088200
16.494001 0.897001 1.746800
4.900001 0.273001 -0.384700
13.038001 -1.849999 -0.003900
10.462001 -1.835999 2.408200
7.529001 1.826001 -3.058600
-2.428999 -0.545999 2.236800
9.764001 3.101001 -2.997500
11.732001 -2.513999 -1.808300
25.163001 -1.008999 1.909300
10.465001 1.850001 2.252400
21.633001 -2.567999 1.428400
6.478001 1.050001 0.244300
17.240001 -0.391999 2.874100
5.693001 2.735001 -0.935200
15.459001 -10.961999 -2.928200
-5.954999 2.087001 2.455100
17.554001 -14.603999 3.128200
2.586001 -4.011999 0.901600
-6.173999 -3.305999 2.417000
8.172001 -12.927999 -0.575800
4.132001 -0.494999 -1.512900
13.161001 -5.481999 2.939200
4.854001 9.555001 -0.567000
24.160001 -0.659999 0.655100
-3.838999 -0.992999 2.602600
1.601001 -1.962999 -1.040000
12.684001 -3.791999 -2.100300
6.981001 7.783001 -0.141100
-3.448999 2.894001 -2.879500
18.355001 5.699001 -1.363500
4.771001 5.949001 -2.903000
16.701001 -2.769999 1.109400
6.689001 10.279001 2.700900
7.383001 -2.228999 1.467600
0.977001 -2.441999 0.944000
13.867001 -1.113999 -1.012700
9.600001 6.009001 -0.780600
15.988001 -2.613999 -1.955500
-3.242999 -1.228999 2.219700
20.770001 2.456001 2.639300
0.721001 -1.894999 -1.989100
12.316001 -1.568999 -3.069300
17.110001 1.708001 2.175300
23.471001 -3.143999 1.404500
26.933001 4.721001 1.224700
8.664001 -5.145999 0.567300
-4.635999 3.200001 1.125600
14.458001 0.109001 -1.958300
8.983001 -12.920999 -2.196800
2.011001 0.736001 -0.909000
5.332001 12.801001 -2.000100
5.387001 4.361001 1.536400
-2.566999 -0.955999 -1.285400
4.667001 2.107001 -2.359400
-2.325999 3.109001 1.117900
0.955001 12.522001 -1.732700
5.127001 2.479001 -0.570100
11.390001 -4.833999 -2.750500
9.609001 -1.775999 -1.622400
7.700001 -5.459999 -2.679700
10.414001 -11.458999 -2.199100
5.903001 9.184001 1.187300
13.113001 3.106001 1.985300
-3.214999 3.055001 2.795100
8.370001 -3.174999 3.050900
-4.487999 0.319001 -1.178300
19.827001 -2.440999 -2.666400
10.676001 0.231001 3.098800
5.760001 3.140001 1.130900
15.563001 -11.493999 -2.826700
3.927001 -2.803999 -2.685800
12.746001 -3.617999 -0.797900
20.234001 -2.982999 0.515700
24.185001 0.426001 -1.870500
14.117001 -3.258999 1.160200
21.809001 2.789001 -1.211500
19.598001 2.157001 2.800200
16.901001 -1.623999 -0.712800
5.095001 0.517001 1.510400
14.485001 -7.608999 0.835300
19.811001 6.493001 1.262900
26.714001 -2.618999 2.940100
8.124001 -5.686999 -2.163800
2.642001 0.450001 2.391800
16.518001 3.296001 -1.159600
10.479001 -6.013999 -3.119300
4.983001 -3.856999 -2.480900
-5.579999 2.791001 -1.584100
13.986001 -0.897999 3.077400
17.558001 4.966001 -2.336700
16.700001 -0.436999 -2.463400
15.787001 -0.825999 -2.598100
0.481001 12.038001 1.417600
8.700001 -13.014999 0.832800
8.875001 -9.094999 1.878400
25.939001 3.903001 0.730500
16.408001 -14.578999 1.019500
11.434001 -4.134999 0.837800
25.647001 -0.814999 -2.090600
-2.340999 1.263001 2.601700
13.585001 -4.775999 -0.691000
9.552001 -1.351999 1.660100
15.386001 -2.069999 -2.643600
9.638001 0.797001 1.505500
3.855001 0.654001 0.713600
6.972001 7.028001 2.926600
4.365001 -1.857999 0.269000
9.102001 1.376001 -0.101700
14.718001 -0.633999 0.131600
19.306001 8.005001 2.251500
21.412001 -3.330999 -0.058300
19.514001 -2.728999 1.671900
8.998001 1.697001 -1.854300
1.473001 11.752001 -2.738600
10.049001 -2.376999 0.134100
6.548001 6.305001 -2.942000
8.063001 -2.892999 -2.555700
8.179001 -0.574999 -1.691000
2.789001 -3.355999 1.839600
11.695001 3.152001 -1.917700
-6.887999 -1.497999 -1.751700
9.097001 -1.165999 0.126200
6.090001 2.933001 0.817600
20.197001 3.744001 -0.512700
7.874001 -6.475999 -2.906500
-1.906999 2.143001 1.443600
11.298001 1.117001 -2.026700
16.051001 -10.540999 2.337200
9.484001 -2.458999 -1.329900
-3.968999 -3.034999 2.382800
4.845001 11.078001 1.526700
21.345001 -0.967999 0.015400
25.102001 -1.373999 -1.810100
0.288001 -0.102999 3.086800
6.483001 12.125001 2.636900
19.812001 7.806001 -2.307200
10.706001 -6.838999 -1.470300
13.049001 -3.810999 -0.524300
12.305001 -6.481999 -0.580100
25.930001 3.241001 -1.607100
4.349001 12.086001 -1.357300
10.329001 -4.281999 0.437200
16.415001 -12.654999 -0.159300
26.408001 -2.742999 3.076800
3.839001 10.714001 2.422400
10.629001 4.979001 -0.164800
26.726001 5.396001 0.656100
-2.551999 -2.847999 2.391100
3.659001 2.010001 2.251200
16.052001 0.881001 1.673000
9.785001 4.739001 0.764000
5.611001 8.120001 -2.411900
22.807001 -1.252999 -3.119685
6.230001 -1.043999 -1.243500
8.452001 -8.081999 -1.826600
12.314001 2.187001 -1.685100
25.744001 3.511001 0.877700
12.262001 1.643001 1.434600
15.358001 -8.572999 -1.427400
15.486001 1.103001 -0.205200
23.322001 0.479001 2.374000
20.808001 5.304001 2.341200
6.053001 0.201001 -2.913700
-6.213999 -1.349999 0.988200
-4.950999 -3.159999 0.370500
24.099001 1.462001 -1.918400
14.617001 2.031001 -0.608800
21.608001 0.467001 0.140500
5.936001 -3.084999 -0.817500
11.779001 -4.826999 -0.845900
10.395001 -3.813999 2.925900
16.356001 -9.706999 -1.599600
18.090001 2.431001 -0.345900
12.014001 3.481001 -1.001200
19.880001 -1.419999 -1.135500
22.942001 -1.832999 -2.158600
9.394001 -3.897999 -2.469400
25.334001 3.554001 -2.115400
-1.577999 0.992001 0.272100
25.685001 0.633001 -0.778400
13.483001 -5.463999 -0.860800
15.228001 -8.600999 1.544500
4.727001 12.594001 0.346700
26.910001 2.907001 -0.278400
6.894001 11.709001 2.673900
0.344001 -0.944999 -1.415000
11.946001 2.973001 -2.016000
6.428001 11.945001 2.719300
