0.000000 0.093000 0.407000
0.050000 0.109875 0.390125
0.100000 0.126750 0.373250
0.150000 0.143625 0.356375
0.200000 0.160500 0.339500
0.250000 0.177375 0.322625
0.300000 0.194250 0.305750
0.350000 0.211125 0.288875
0.400000 0.228000 0.272000
0.450000 0.244875 0.255125
0.500000 0.261750 0.238250
0.550000 0.278625 0.221375
0.600000 0.295500 0.204500
0.650000 0.312375 0.187625
0.700000 0.329250 0.170750
0.750000 0.346125 0.153875
0.800000 0.363000 0.137000
0.850000 0.379875 0.120125
0.900000 0.396750 0.103250
0.950000 0.413625 0.086375
1.000000 0.430500 0.069500
