0.262555
0.248559
0.245123
0.231570
0.338266
0.239008
0.235933
0.283196
0.240031
0.231154
0.235790
0.249928
0.259065
0.232009
0.252311
0.231227
0.230084
0.292316
0.235268
0.257456
0.300534
0.278996
0.235361
0.245887
0.246267
0.253861
0.239147
0.259808
0.241535
0.282780
0.230619
0.250990
0.244603
0.242516
0.286496
0.248372
0.298718
0.233653
0.263440
0.259779
0.247738
0.237005
0.308312
0.255672
0.280163
0.236375
0.273383
0.275094
0.254095
0.277648
0.252539
0.260609
0.237959
0.301405
0.250671
0.274365
0.256302
0.341064
0.270086
0.275719
0.262377
0.230071
0.246803
0.235709
0.255358
0.233881
0.246320
0.265172
0.343613
0.253606
0.243455
0.248878
0.241470
0.233789
0.270592
0.237840
