0.167434
0.169251
0.205032
0.136120
0.139501
0.227196
0.189552
0.155061
0.145431
0.166053
0.172422
0.150427
0.217402
0.188446
0.200445
0.181787
0.138509
0.213388
0.172533
0.204927
0.167888
0.202695
0.182488
0.164676
0.125463
0.225568
0.139356
0.209932
0.207358
0.141329
0.155042
0.164241
0.129137
0.110782
0.201836
0.223122
0.194123
0.180439
0.165107
0.150838
0.203074
0.172267
0.202166
0.171382
0.227043
0.206580
0.160167
0.223646
0.228031
0.159638
0.222953
0.160613
0.135237
0.206010
0.132055
0.142552
0.204768
0.172318
0.227841
0.119148
0.224147
0.112289
0.152690
0.218260
0.121577
0.145511
0.190076
0.171080
0.205789
0.196002
0.201297
0.132260
0.227839
0.175377
0.220082
0.208930
0.215247
0.184554
0.105148
0.177688
0.163963
0.202042
0.181540
0.157442
0.185220
0.156858
0.226573
0.179156
0.186622
0.208718
0.120601
0.213619
0.202511
0.183802
0.224367
0.221777
0.214218
0.198992
0.130330
0.193002
0.215199
0.181116
0.211032
0.199370
0.228003
0.226264
0.192035
0.175956
0.198581
0.219337
0.213013
0.175943
0.149199
0.188390
0.200222
0.226496
0.219007
0.218712
0.162879
0.215171
0.151723
0.168511
0.207639
0.209300
0.202043
0.208714
0.141544
0.098240
0.183316
0.183577
0.195432
0.223961
0.146297
0.222194
0.224492
0.128148
0.189920
0.197969
0.203313
0.147193
0.176395
0.218111
0.137007
0.192469
0.225248
0.188406
0.223126
0.189722
0.101167
0.141096
0.184553
0.154967
0.172956
0.226279
0.215529
0.214381
0.224903
0.162092
0.168001
0.180532
0.218153
0.209779
0.126682
0.141546
0.200887
0.161943
0.159428
0.213236
0.169927
0.211944
0.219197
0.207108
0.219532
0.147349
0.172646
0.225808
0.196178
0.149539
0.212691
0.175808
0.181711
0.197556
0.184458
0.134433
0.216797
0.169660
0.203177
0.192015
0.206099
0.206281
0.204261
0.215917
0.202666
0.149070
0.166823
0.121054
0.151220
0.209201
0.223184
0.208464
0.219213
0.224594
0.176876
0.223179
0.108158
0.153005
0.193730
0.228449
0.179034
0.190938
0.188701
0.174547
0.180230
0.185962
0.137106
0.211486
0.169953
0.163795
0.161944
0.217882
0.138802
0.208657
0.208516
0.221963
0.156235
0.221645
0.217644
0.178505
0.190057
0.179411
0.121494
0.221353
0.212916
0.206271
0.159280
0.176731
0.125395
0.194897
0.159455
0.183756
