0.000000 0.000000 0.000010 0.000010
0.000000 0.010000 0.000010 0.000010
0.000000 0.020000 0.000010 0.000010
0.000000 0.030000 0.000010 0.000010
0.000000 0.040000 0.000010 0.000010
0.000000 0.050000 0.000010 0.000010
0.000000 0.060000 0.000010 0.000010
0.000000 0.070000 0.000010 0.000010
0.000000 0.080000 0.000010 0.000010
0.000000 0.090000 0.016736 0.000010
0.000000 0.100000 0.016736 0.000010
0.000000 0.110000 0.008368 0.000010
0.000000 0.120000 0.037657 0.000010
0.000000 0.130000 0.037657 0.000010
0.000000 0.140000 0.058577 0.000010
0.000000 0.150000 0.062762 0.000010
0.000000 0.160000 0.083682 0.000010
0.000000 0.170000 0.092050 0.000010
0.000000 0.180000 0.092050 0.000010
0.000000 0.190000 0.092050 0.000010
0.000000 0.200000 0.125523 0.000010
0.000000 0.210000 0.133891 0.000010
0.000000 0.220000 0.158996 0.051383
0.000000 0.230000 0.158996 0.051383
0.000000 0.240000 0.000010 0.036891
0.000000 0.250000 0.000010 0.057971
0.000000 0.260000 0.000010 0.055336
0.000000 0.270000 0.000010 0.054018
0.000000 0.280000 0.000010 0.051383
0.000000 0.290000 0.000010 0.048748
0.000000 0.300000 0.000010 0.046113
0.000000 0.310000 0.000010 0.048748
0.000000 0.320000 0.000010 0.048748
0.000000 0.330000 0.000010 0.052701
0.000000 0.340000 0.000010 0.052701
0.000000 0.350000 0.000010 0.035573
0.000000 0.360000 0.000010 0.043478
0.000000 0.370000 0.000010 0.042161
0.000000 0.380000 0.000010 0.034256
0.000000 0.390000 0.000010 0.031621
0.000000 0.400000 0.000010 0.025033
0.000000 0.410000 0.000010 0.025033
0.000000 0.420000 0.000010 0.019763
0.000000 0.430000 0.000010 0.017128
0.000000 0.440000 0.000010 0.021080
0.000000 0.450000 0.000010 0.018445
0.000000 0.460000 0.000010 0.017128
0.000000 0.470000 0.000010 0.014493
0.000000 0.480000 0.000010 0.006588
0.000000 0.490000 0.000010 0.010540
0.000000 0.500000 0.000010 0.002635
0.000000 0.510000 0.000010 0.005270
0.000000 0.520000 0.000010 0.002635
0.000000 0.530000 0.000010 0.006588
0.000000 0.540000 0.000010 0.006588
0.000000 0.550000 0.000010 0.002635
0.000000 0.560000 0.000010 0.002635
0.000000 0.570000 0.000010 0.000010
0.000000 0.580000 0.000010 0.002635
0.000000 0.590000 0.000010 0.000010
0.000000 0.600000 0.000010 0.001318
0.000000 0.610000 0.000010 0.000010
0.000000 0.620000 0.000010 0.000010
0.000000 0.630000 0.000010 0.000010
0.000000 0.640000 0.000010 0.000010
0.000000 0.650000 0.000010 0.000010
0.000000 0.660000 0.000010 0.000010
0.000000 0.670000 0.000010 0.000010
0.000000 0.680000 0.000010 0.000010
0.000000 0.690000 0.000010 0.000010
0.000000 0.700000 0.000010 0.000010

0.050000 0.000000 0.000010 0.000010
0.050000 0.010000 0.000010 0.000010
0.050000 0.020000 0.000010 0.000010
0.050000 0.030000 0.000010 0.000010
0.050000 0.040000 0.000444 0.000010
0.050000 0.050000 0.000444 0.000010
0.050000 0.060000 0.000390 0.000010
0.050000 0.070000 0.002181 0.000010
0.050000 0.080000 0.002344 0.000010
0.050000 0.090000 0.018071 0.000010
0.050000 0.100000 0.019048 0.000010
0.050000 0.110000 0.011370 0.000010
0.050000 0.120000 0.039249 0.000010
0.050000 0.130000 0.039846 0.000010
0.050000 0.140000 0.060372 0.000010
0.050000 0.150000 0.063641 0.000010
0.050000 0.160000 0.083352 0.000010
0.050000 0.170000 0.090922 0.000010
0.050000 0.180000 0.090379 0.000010
0.050000 0.190000 0.090814 0.000010
0.050000 0.200000 0.121961 0.000010
0.050000 0.210000 0.128662 0.000010
0.050000 0.220000 0.152892 0.048815
0.050000 0.230000 0.152892 0.063679
0.050000 0.240000 0.000010 0.049911
0.050000 0.250000 0.000010 0.065208
0.050000 0.260000 0.000010 0.062029
0.050000 0.270000 0.000010 0.054696
0.050000 0.280000 0.000010 0.054220
0.050000 0.290000 0.000010 0.049014
0.050000 0.300000 0.000010 0.045159
0.050000 0.310000 0.000010 0.048338
0.050000 0.320000 0.000010 0.046311
0.050000 0.330000 0.000010 0.050066
0.050000 0.340000 0.000010 0.050742
0.050000 0.350000 0.000010 0.034470
0.050000 0.360000 0.000010 0.041305
0.050000 0.370000 0.000010 0.040053
0.050000 0.380000 0.000010 0.032543
0.050000 0.390000 0.000010 0.030040
0.050000 0.400000 0.000010 0.023782
0.050000 0.410000 0.000010 0.023782
0.050000 0.420000 0.000010 0.018775
0.050000 0.430000 0.000010 0.016272
0.050000 0.440000 0.000010 0.020027
0.050000 0.450000 0.000010 0.017524
0.050000 0.460000 0.000010 0.016272
0.050000 0.470000 0.000010 0.013769
0.050000 0.480000 0.000010 0.006259
0.050000 0.490000 0.000010 0.010014
0.050000 0.500000 0.000010 0.002504
0.050000 0.510000 0.000010 0.005007
0.050000 0.520000 0.000010 0.002504
0.050000 0.530000 0.000010 0.006259
0.050000 0.540000 0.000010 0.006259
0.050000 0.550000 0.000010 0.002504
0.050000 0.560000 0.000010 0.002504
0.050000 0.570000 0.000010 0.000010
0.050000 0.580000 0.000010 0.002504
0.050000 0.590000 0.000010 0.000010
0.050000 0.600000 0.000010 0.001252
0.050000 0.610000 0.000010 0.000010
0.050000 0.620000 0.000010 0.000010
0.050000 0.630000 0.000010 0.000010
0.050000 0.640000 0.000010 0.000010
0.050000 0.650000 0.000010 0.000010
0.050000 0.660000 0.000010 0.000010
0.050000 0.670000 0.000010 0.000010
0.050000 0.680000 0.000010 0.000010
0.050000 0.690000 0.000010 0.000010
0.050000 0.700000 0.000010 0.000010

0.100000 0.000000 0.000010 0.000010
0.100000 0.010000 0.000010 0.000010
0.100000 0.020000 0.000010 0.000010
0.100000 0.030000 0.000010 0.000010
0.100000 0.040000 0.000878 0.000010
0.100000 0.050000 0.000878 0.000010
0.100000 0.060000 0.000769 0.000010
0.100000 0.070000 0.004352 0.000010
0.100000 0.080000 0.004678 0.000010
0.100000 0.090000 0.019406 0.000010
0.100000 0.100000 0.021360 0.000010
0.100000 0.110000 0.014372 0.000010
0.100000 0.120000 0.040840 0.000010
0.100000 0.130000 0.042035 0.000010
0.100000 0.140000 0.062166 0.000010
0.100000 0.150000 0.064520 0.000010
0.100000 0.160000 0.083023 0.000010
0.100000 0.170000 0.089794 0.000010
0.100000 0.180000 0.088708 0.000010
0.100000 0.190000 0.089577 0.000010
0.100000 0.200000 0.118400 0.000010
0.100000 0.210000 0.123434 0.000010
0.100000 0.220000 0.146788 0.046246
0.100000 0.230000 0.146788 0.075975
0.100000 0.240000 0.000010 0.062931
0.100000 0.250000 0.000010 0.072444
0.100000 0.260000 0.000010 0.068721
0.100000 0.270000 0.000010 0.055373
0.100000 0.280000 0.000010 0.057056
0.100000 0.290000 0.000010 0.049279
0.100000 0.300000 0.000010 0.044205
0.100000 0.310000 0.000010 0.047928
0.100000 0.320000 0.000010 0.043875
0.100000 0.330000 0.000010 0.047432
0.100000 0.340000 0.000010 0.048782
0.100000 0.350000 0.000010 0.033367
0.100000 0.360000 0.000010 0.039131
0.100000 0.370000 0.000010 0.037946
0.100000 0.380000 0.000010 0.030831
0.100000 0.390000 0.000010 0.028459
0.100000 0.400000 0.000010 0.022531
0.100000 0.410000 0.000010 0.022531
0.100000 0.420000 0.000010 0.017788
0.100000 0.430000 0.000010 0.015416
0.100000 0.440000 0.000010 0.018973
0.100000 0.450000 0.000010 0.016602
0.100000 0.460000 0.000010 0.015416
0.100000 0.470000 0.000010 0.013044
0.100000 0.480000 0.000010 0.005930
0.100000 0.490000 0.000010 0.009487
0.100000 0.500000 0.000010 0.002373
0.100000 0.510000 0.000010 0.004744
0.100000 0.520000 0.000010 0.002373
0.100000 0.530000 0.000010 0.005930
0.100000 0.540000 0.000010 0.005930
0.100000 0.550000 0.000010 0.002373
0.100000 0.560000 0.000010 0.002373
0.100000 0.570000 0.000010 0.000010
0.100000 0.580000 0.000010 0.002373
0.100000 0.590000 0.000010 0.000010
0.100000 0.600000 0.000010 0.001187
0.100000 0.610000 0.000010 0.000010
0.100000 0.620000 0.000010 0.000010
0.100000 0.630000 0.000010 0.000010
0.100000 0.640000 0.000010 0.000010
0.100000 0.650000 0.000010 0.000010
0.100000 0.660000 0.000010 0.000010
0.100000 0.670000 0.000010 0.000010
0.100000 0.680000 0.000010 0.000010
0.100000 0.690000 0.000010 0.000010
0.100000 0.700000 0.000010 0.000010

0.150000 0.000000 0.000010 0.000010
0.150000 0.010000 0.000010 0.000010
0.150000 0.020000 0.000010 0.000010
0.150000 0.030000 0.000010 0.000010
0.150000 0.040000 0.001311 0.000010
0.150000 0.050000 0.001311 0.000010
0.150000 0.060000 0.001149 0.000010
0.150000 0.070000 0.006523 0.000010
0.150000 0.080000 0.007012 0.000010
0.150000 0.090000 0.020741 0.000010
0.150000 0.100000 0.023672 0.000010
0.150000 0.110000 0.017374 0.000010
0.150000 0.120000 0.042432 0.000010
0.150000 0.130000 0.044223 0.000010
0.150000 0.140000 0.063960 0.000010
0.150000 0.150000 0.065399 0.000010
0.150000 0.160000 0.082693 0.000010
0.150000 0.170000 0.088666 0.000010
0.150000 0.180000 0.087037 0.000010
0.150000 0.190000 0.088340 0.000010
0.150000 0.200000 0.114838 0.000010
0.150000 0.210000 0.118205 0.000010
0.150000 0.220000 0.140684 0.043677
0.150000 0.230000 0.140684 0.088270
0.150000 0.240000 0.000010 0.075952
0.150000 0.250000 0.000010 0.079681
0.150000 0.260000 0.000010 0.075414
0.150000 0.270000 0.000010 0.056051
0.150000 0.280000 0.000010 0.059892
0.150000 0.290000 0.000010 0.049544
0.150000 0.300000 0.000010 0.043250
0.150000 0.310000 0.000010 0.047517
0.150000 0.320000 0.000010 0.041438
0.150000 0.330000 0.000010 0.044797
0.150000 0.340000 0.000010 0.046823
0.150000 0.350000 0.000010 0.032264
0.150000 0.360000 0.000010 0.036958
0.150000 0.370000 0.000010 0.035838
0.150000 0.380000 0.000010 0.029119
0.150000 0.390000 0.000010 0.026879
0.150000 0.400000 0.000010 0.021279
0.150000 0.410000 0.000010 0.021279
0.150000 0.420000 0.000010 0.016800
0.150000 0.430000 0.000010 0.014560
0.150000 0.440000 0.000010 0.017920
0.150000 0.450000 0.000010 0.015680
0.150000 0.460000 0.000010 0.014560
0.150000 0.470000 0.000010 0.012320
0.150000 0.480000 0.000010 0.005601
0.150000 0.490000 0.000010 0.008961
0.150000 0.500000 0.000010 0.002241
0.150000 0.510000 0.000010 0.004481
0.150000 0.520000 0.000010 0.002241
0.150000 0.530000 0.000010 0.005601
0.150000 0.540000 0.000010 0.005601
0.150000 0.550000 0.000010 0.002241
0.150000 0.560000 0.000010 0.002241
0.150000 0.570000 0.000010 0.000010
0.150000 0.580000 0.000010 0.002241
0.150000 0.590000 0.000010 0.000010
0.150000 0.600000 0.000010 0.001121
0.150000 0.610000 0.000010 0.000010
0.150000 0.620000 0.000010 0.000010
0.150000 0.630000 0.000010 0.000010
0.150000 0.640000 0.000010 0.000010
0.150000 0.650000 0.000010 0.000010
0.150000 0.660000 0.000010 0.000010
0.150000 0.670000 0.000010 0.000010
0.150000 0.680000 0.000010 0.000010
0.150000 0.690000 0.000010 0.000010
0.150000 0.700000 0.000010 0.000010

0.200000 0.000000 0.000010 0.000010
0.200000 0.010000 0.000010 0.000010
0.200000 0.020000 0.000010 0.000010
0.200000 0.030000 0.000010 0.000010
0.200000 0.040000 0.001745 0.000010
0.200000 0.050000 0.001745 0.000010
0.200000 0.060000 0.001528 0.000010
0.200000 0.070000 0.008694 0.000010
0.200000 0.080000 0.009346 0.000010
0.200000 0.090000 0.022075 0.000010
0.200000 0.100000 0.025984 0.000010
0.200000 0.110000 0.020375 0.000010
0.200000 0.120000 0.044023 0.000010
0.200000 0.130000 0.046412 0.000010
0.200000 0.140000 0.065754 0.000010
0.200000 0.150000 0.066279 0.000010
0.200000 0.160000 0.082364 0.000010
0.200000 0.170000 0.087538 0.000010
0.200000 0.180000 0.085367 0.000010
0.200000 0.190000 0.087104 0.000010
0.200000 0.200000 0.111276 0.000010
0.200000 0.210000 0.112976 0.000010
0.200000 0.220000 0.134580 0.041109
0.200000 0.230000 0.134580 0.100566
0.200000 0.240000 0.000010 0.088972
0.200000 0.250000 0.000010 0.086917
0.200000 0.260000 0.000010 0.082107
0.200000 0.270000 0.000010 0.056728
0.200000 0.280000 0.000010 0.062728
0.200000 0.290000 0.000010 0.049809
0.200000 0.300000 0.000010 0.042296
0.200000 0.310000 0.000010 0.047107
0.200000 0.320000 0.000010 0.039001
0.200000 0.330000 0.000010 0.042163
0.200000 0.340000 0.000010 0.044863
0.200000 0.350000 0.000010 0.031161
0.200000 0.360000 0.000010 0.034785
0.200000 0.370000 0.000010 0.033731
0.200000 0.380000 0.000010 0.027406
0.200000 0.390000 0.000010 0.025298
0.200000 0.400000 0.000010 0.020028
0.200000 0.410000 0.000010 0.020028
0.200000 0.420000 0.000010 0.015812
0.200000 0.430000 0.000010 0.013704
0.200000 0.440000 0.000010 0.016866
0.200000 0.450000 0.000010 0.014758
0.200000 0.460000 0.000010 0.013704
0.200000 0.470000 0.000010 0.011596
0.200000 0.480000 0.000010 0.005272
0.200000 0.490000 0.000010 0.008434
0.200000 0.500000 0.000010 0.002110
0.200000 0.510000 0.000010 0.004218
0.200000 0.520000 0.000010 0.002110
0.200000 0.530000 0.000010 0.005272
0.200000 0.540000 0.000010 0.005272
0.200000 0.550000 0.000010 0.002110
0.200000 0.560000 0.000010 0.002110
0.200000 0.570000 0.000010 0.000010
0.200000 0.580000 0.000010 0.002110
0.200000 0.590000 0.000010 0.000010
0.200000 0.600000 0.000010 0.001056
0.200000 0.610000 0.000010 0.000010
0.200000 0.620000 0.000010 0.000010
0.200000 0.630000 0.000010 0.000010
0.200000 0.640000 0.000010 0.000010
0.200000 0.650000 0.000010 0.000010
0.200000 0.660000 0.000010 0.000010
0.200000 0.670000 0.000010 0.000010
0.200000 0.680000 0.000010 0.000010
0.200000 0.690000 0.000010 0.000010
0.200000 0.700000 0.000010 0.000010

0.250000 0.000000 0.000010 0.000010
0.250000 0.010000 0.000010 0.000010
0.250000 0.020000 0.000010 0.000010
0.250000 0.030000 0.000010 0.000010
0.250000 0.040000 0.002179 0.000010
0.250000 0.050000 0.002179 0.000010
0.250000 0.060000 0.001908 0.000010
0.250000 0.070000 0.010865 0.000010
0.250000 0.080000 0.011680 0.000010
0.250000 0.090000 0.023410 0.000010
0.250000 0.100000 0.028296 0.000010
0.250000 0.110000 0.023377 0.000010
0.250000 0.120000 0.045615 0.000010
0.250000 0.130000 0.048601 0.000010
0.250000 0.140000 0.067549 0.000010
0.250000 0.150000 0.067158 0.000010
0.250000 0.160000 0.082034 0.000010
0.250000 0.170000 0.086410 0.000010
0.250000 0.180000 0.083696 0.000010
0.250000 0.190000 0.085867 0.000010
0.250000 0.200000 0.107714 0.000010
0.250000 0.210000 0.107747 0.000010
0.250000 0.220000 0.128476 0.038540
0.250000 0.230000 0.128476 0.112862
0.250000 0.240000 0.000010 0.101992
0.250000 0.250000 0.000010 0.094154
0.250000 0.260000 0.000010 0.088799
0.250000 0.270000 0.000010 0.057406
0.250000 0.280000 0.000010 0.065565
0.250000 0.290000 0.000010 0.050075
0.250000 0.300000 0.000010 0.041342
0.250000 0.310000 0.000010 0.046696
0.250000 0.320000 0.000010 0.036564
0.250000 0.330000 0.000010 0.039528
0.250000 0.340000 0.000010 0.042904
0.250000 0.350000 0.000010 0.030058
0.250000 0.360000 0.000010 0.032611
0.250000 0.370000 0.000010 0.031623
0.250000 0.380000 0.000010 0.025694
0.250000 0.390000 0.000010 0.023718
0.250000 0.400000 0.000010 0.018777
0.250000 0.410000 0.000010 0.018777
0.250000 0.420000 0.000010 0.014825
0.250000 0.430000 0.000010 0.012848
0.250000 0.440000 0.000010 0.015813
0.250000 0.450000 0.000010 0.013836
0.250000 0.460000 0.000010 0.012848
0.250000 0.470000 0.000010 0.010872
0.250000 0.480000 0.000010 0.004943
0.250000 0.490000 0.000010 0.007908
0.250000 0.500000 0.000010 0.001979
0.250000 0.510000 0.000010 0.003955
0.250000 0.520000 0.000010 0.001979
0.250000 0.530000 0.000010 0.004943
0.250000 0.540000 0.000010 0.004943
0.250000 0.550000 0.000010 0.001979
0.250000 0.560000 0.000010 0.001979
0.250000 0.570000 0.000010 0.000010
0.250000 0.580000 0.000010 0.001979
0.250000 0.590000 0.000010 0.000010
0.250000 0.600000 0.000010 0.000991
0.250000 0.610000 0.000010 0.000010
0.250000 0.620000 0.000010 0.000010
0.250000 0.630000 0.000010 0.000010
0.250000 0.640000 0.000010 0.000010
0.250000 0.650000 0.000010 0.000010
0.250000 0.660000 0.000010 0.000010
0.250000 0.670000 0.000010 0.000010
0.250000 0.680000 0.000010 0.000010
0.250000 0.690000 0.000010 0.000010
0.250000 0.700000 0.000010 0.000010

0.300000 0.000000 0.000010 0.000010
0.300000 0.010000 0.000010 0.000010
0.300000 0.020000 0.000010 0.000010
0.300000 0.030000 0.000010 0.000010
0.300000 0.040000 0.002613 0.000010
0.300000 0.050000 0.002613 0.000010
0.300000 0.060000 0.002287 0.000010
0.300000 0.070000 0.013036 0.000010
0.300000 0.080000 0.014014 0.000010
0.300000 0.090000 0.024745 0.000010
0.300000 0.100000 0.030608 0.000010
0.300000 0.110000 0.026379 0.000010
0.300000 0.120000 0.047207 0.000010
0.300000 0.130000 0.050790 0.000010
0.300000 0.140000 0.069343 0.000010
0.300000 0.150000 0.068037 0.000010
0.300000 0.160000 0.081704 0.000010
0.300000 0.170000 0.085282 0.000010
0.300000 0.180000 0.082025 0.000010
0.300000 0.190000 0.084631 0.000010
0.300000 0.200000 0.104153 0.000010
0.300000 0.210000 0.102519 0.000010
0.300000 0.220000 0.122372 0.035971
0.300000 0.230000 0.122372 0.125158
0.300000 0.240000 0.000010 0.115013
0.300000 0.250000 0.000010 0.101391
0.300000 0.260000 0.000010 0.095492
0.300000 0.270000 0.000010 0.058083
0.300000 0.280000 0.000010 0.068401
0.300000 0.290000 0.000010 0.050340
0.300000 0.300000 0.000010 0.040387
0.300000 0.310000 0.000010 0.046286
0.300000 0.320000 0.000010 0.034127
0.300000 0.330000 0.000010 0.036894
0.300000 0.340000 0.000010 0.040945
0.300000 0.350000 0.000010 0.028955
0.300000 0.360000 0.000010 0.030438
0.300000 0.370000 0.000010 0.029516
0.300000 0.380000 0.000010 0.023982
0.300000 0.390000 0.000010 0.022137
0.300000 0.400000 0.000010 0.017526
0.300000 0.410000 0.000010 0.017526
0.300000 0.420000 0.000010 0.013837
0.300000 0.430000 0.000010 0.011992
0.300000 0.440000 0.000010 0.014759
0.300000 0.450000 0.000010 0.012915
0.300000 0.460000 0.000010 0.011992
0.300000 0.470000 0.000010 0.010148
0.300000 0.480000 0.000010 0.004614
0.300000 0.490000 0.000010 0.007381
0.300000 0.500000 0.000010 0.001848
0.300000 0.510000 0.000010 0.003692
0.300000 0.520000 0.000010 0.001848
0.300000 0.530000 0.000010 0.004614
0.300000 0.540000 0.000010 0.004614
0.300000 0.550000 0.000010 0.001848
0.300000 0.560000 0.000010 0.001848
0.300000 0.570000 0.000010 0.000010
0.300000 0.580000 0.000010 0.001848
0.300000 0.590000 0.000010 0.000010
0.300000 0.600000 0.000010 0.000925
0.300000 0.610000 0.000010 0.000010
0.300000 0.620000 0.000010 0.000010
0.300000 0.630000 0.000010 0.000010
0.300000 0.640000 0.000010 0.000010
0.300000 0.650000 0.000010 0.000010
0.300000 0.660000 0.000010 0.000010
0.300000 0.670000 0.000010 0.000010
0.300000 0.680000 0.000010 0.000010
0.300000 0.690000 0.000010 0.000010
0.300000 0.700000 0.000010 0.000010

0.350000 0.000000 0.000010 0.000010
0.350000 0.010000 0.000010 0.000010
0.350000 0.020000 0.000010 0.000010
0.350000 0.030000 0.000010 0.000010
0.350000 0.040000 0.003047 0.000010
0.350000 0.050000 0.003047 0.000010
0.350000 0.060000 0.002667 0.000010
0.350000 0.070000 0.015207 0.000010
0.350000 0.080000 0.016347 0.000010
0.350000 0.090000 0.026080 0.000010
0.350000 0.100000 0.032920 0.000010
0.350000 0.110000 0.029381 0.000010
0.350000 0.120000 0.048798 0.000010
0.350000 0.130000 0.052979 0.000010
0.350000 0.140000 0.071137 0.000010
0.350000 0.150000 0.068917 0.000010
0.350000 0.160000 0.081375 0.000010
0.350000 0.170000 0.084154 0.000010
0.350000 0.180000 0.080354 0.000010
0.350000 0.190000 0.083394 0.000010
0.350000 0.200000 0.100591 0.000010
0.350000 0.210000 0.097290 0.000010
0.350000 0.220000 0.116268 0.033403
0.350000 0.230000 0.116268 0.137453
0.350000 0.240000 0.000010 0.128033
0.350000 0.250000 0.000010 0.108627
0.350000 0.260000 0.000010 0.102185
0.350000 0.270000 0.000010 0.058761
0.350000 0.280000 0.000010 0.071237
0.350000 0.290000 0.000010 0.050605
0.350000 0.300000 0.000010 0.039433
0.350000 0.310000 0.000010 0.045876
0.350000 0.320000 0.000010 0.031690
0.350000 0.330000 0.000010 0.034259
0.350000 0.340000 0.000010 0.038985
0.350000 0.350000 0.000010 0.027852
0.350000 0.360000 0.000010 0.028264
0.350000 0.370000 0.000010 0.027408
0.350000 0.380000 0.000010 0.022270
0.350000 0.390000 0.000010 0.020557
0.350000 0.400000 0.000010 0.016275
0.350000 0.410000 0.000010 0.016275
0.350000 0.420000 0.000010 0.012849
0.350000 0.430000 0.000010 0.011137
0.350000 0.440000 0.000010 0.013706
0.350000 0.450000 0.000010 0.011993
0.350000 0.460000 0.000010 0.011137
0.350000 0.470000 0.000010 0.009424
0.350000 0.480000 0.000010 0.004285
0.350000 0.490000 0.000010 0.006855
0.350000 0.500000 0.000010 0.001716
0.350000 0.510000 0.000010 0.003429
0.350000 0.520000 0.000010 0.001716
0.350000 0.530000 0.000010 0.004285
0.350000 0.540000 0.000010 0.004285
0.350000 0.550000 0.000010 0.001716
0.350000 0.560000 0.000010 0.001716
0.350000 0.570000 0.000010 0.000010
0.350000 0.580000 0.000010 0.001716
0.350000 0.590000 0.000010 0.000010
0.350000 0.600000 0.000010 0.000860
0.350000 0.610000 0.000010 0.000010
0.350000 0.620000 0.000010 0.000010
0.350000 0.630000 0.000010 0.000010
0.350000 0.640000 0.000010 0.000010
0.350000 0.650000 0.000010 0.000010
0.350000 0.660000 0.000010 0.000010
0.350000 0.670000 0.000010 0.000010
0.350000 0.680000 0.000010 0.000010
0.350000 0.690000 0.000010 0.000010
0.350000 0.700000 0.000010 0.000010

0.400000 0.000000 0.000010 0.000010
0.400000 0.010000 0.000010 0.000010
0.400000 0.020000 0.000010 0.000010
0.400000 0.030000 0.000010 0.000010
0.400000 0.040000 0.003480 0.000010
0.400000 0.050000 0.003480 0.000010
0.400000 0.060000 0.003046 0.000010
0.400000 0.070000 0.017378 0.000010
0.400000 0.080000 0.018681 0.000010
0.400000 0.090000 0.027414 0.000010
0.400000 0.100000 0.035232 0.000010
0.400000 0.110000 0.032382 0.000010
0.400000 0.120000 0.050390 0.000010
0.400000 0.130000 0.055167 0.000010
0.400000 0.140000 0.072931 0.000010
0.400000 0.150000 0.069796 0.000010
0.400000 0.160000 0.081045 0.000010
0.400000 0.170000 0.083026 0.000010
0.400000 0.180000 0.078683 0.000010
0.400000 0.190000 0.082157 0.000010
0.400000 0.200000 0.097029 0.000010
0.400000 0.210000 0.092061 0.000010
0.400000 0.220000 0.110164 0.030834
0.400000 0.230000 0.110164 0.149749
0.400000 0.240000 0.000010 0.141053
0.400000 0.250000 0.000010 0.115864
0.400000 0.260000 0.000010 0.108877
0.400000 0.270000 0.000010 0.059438
0.400000 0.280000 0.000010 0.074073
0.400000 0.290000 0.000010 0.050871
0.400000 0.300000 0.000010 0.038479
0.400000 0.310000 0.000010 0.045465
0.400000 0.320000 0.000010 0.029253
0.400000 0.330000 0.000010 0.031625
0.400000 0.340000 0.000010 0.037026
0.400000 0.350000 0.000010 0.026749
0.400000 0.360000 0.000010 0.026091
0.400000 0.370000 0.000010 0.025300
0.400000 0.380000 0.000010 0.020557
0.400000 0.390000 0.000010 0.018976
0.400000 0.400000 0.000010 0.015024
0.400000 0.410000 0.000010 0.015024
0.400000 0.420000 0.000010 0.011862
0.400000 0.430000 0.000010 0.010281
0.400000 0.440000 0.000010 0.012652
0.400000 0.450000 0.000010 0.011071
0.400000 0.460000 0.000010 0.010281
0.400000 0.470000 0.000010 0.008700
0.400000 0.480000 0.000010 0.003957
0.400000 0.490000 0.000010 0.006328
0.400000 0.500000 0.000010 0.001585
0.400000 0.510000 0.000010 0.003166
0.400000 0.520000 0.000010 0.001585
0.400000 0.530000 0.000010 0.003957
0.400000 0.540000 0.000010 0.003957
0.400000 0.550000 0.000010 0.001585
0.400000 0.560000 0.000010 0.001585
0.400000 0.570000 0.000010 0.000010
0.400000 0.580000 0.000010 0.001585
0.400000 0.590000 0.000010 0.000010
0.400000 0.600000 0.000010 0.000795
0.400000 0.610000 0.000010 0.000010
0.400000 0.620000 0.000010 0.000010
0.400000 0.630000 0.000010 0.000010
0.400000 0.640000 0.000010 0.000010
0.400000 0.650000 0.000010 0.000010
0.400000 0.660000 0.000010 0.000010
0.400000 0.670000 0.000010 0.000010
0.400000 0.680000 0.000010 0.000010
0.400000 0.690000 0.000010 0.000010
0.400000 0.700000 0.000010 0.000010

0.450000 0.000000 0.000010 0.000010
0.450000 0.010000 0.000010 0.000010
0.450000 0.020000 0.000010 0.000010
0.450000 0.030000 0.000010 0.000010
0.450000 0.040000 0.003914 0.000010
0.450000 0.050000 0.003914 0.000010
0.450000 0.060000 0.003426 0.000010
0.450000 0.070000 0.019549 0.000010
0.450000 0.080000 0.021015 0.000010
0.450000 0.090000 0.028749 0.000010
0.450000 0.100000 0.037544 0.000010
0.450000 0.110000 0.035384 0.000010
0.450000 0.120000 0.051982 0.000010
0.450000 0.130000 0.057356 0.000010
0.450000 0.140000 0.074726 0.000010
0.450000 0.150000 0.070675 0.000010
0.450000 0.160000 0.080716 0.000010
0.450000 0.170000 0.081898 0.000010
0.450000 0.180000 0.077012 0.000010
0.450000 0.190000 0.080921 0.000010
0.450000 0.200000 0.093468 0.000010
0.450000 0.210000 0.086832 0.000010
0.450000 0.220000 0.104060 0.028265
0.450000 0.230000 0.104060 0.162045
0.450000 0.240000 0.000010 0.154074
0.450000 0.250000 0.000010 0.123100
0.450000 0.260000 0.000010 0.115570
0.450000 0.270000 0.000010 0.060116
0.450000 0.280000 0.000010 0.076910
0.450000 0.290000 0.000010 0.051136
0.450000 0.300000 0.000010 0.037524
0.450000 0.310000 0.000010 0.045055
0.450000 0.320000 0.000010 0.026816
0.450000 0.330000 0.000010 0.028990
0.450000 0.340000 0.000010 0.035067
0.450000 0.350000 0.000010 0.025646
0.450000 0.360000 0.000010 0.023918
0.450000 0.370000 0.000010 0.023193
0.450000 0.380000 0.000010 0.018845
0.450000 0.390000 0.000010 0.017396
0.450000 0.400000 0.000010 0.013773
0.450000 0.410000 0.000010 0.013773
0.450000 0.420000 0.000010 0.010874
0.450000 0.430000 0.000010 0.009425
0.450000 0.440000 0.000010 0.011599
0.450000 0.450000 0.000010 0.010149
0.450000 0.460000 0.000010 0.009425
0.450000 0.470000 0.000010 0.007976
0.450000 0.480000 0.000010 0.003628
0.450000 0.490000 0.000010 0.005802
0.450000 0.500000 0.000010 0.001454
0.450000 0.510000 0.000010 0.002903
0.450000 0.520000 0.000010 0.001454
0.450000 0.530000 0.000010 0.003628
0.450000 0.540000 0.000010 0.003628
0.450000 0.550000 0.000010 0.001454
0.450000 0.560000 0.000010 0.001454
0.450000 0.570000 0.000010 0.000010
0.450000 0.580000 0.000010 0.001454
0.450000 0.590000 0.000010 0.000010
0.450000 0.600000 0.000010 0.000729
0.450000 0.610000 0.000010 0.000010
0.450000 0.620000 0.000010 0.000010
0.450000 0.630000 0.000010 0.000010
0.450000 0.640000 0.000010 0.000010
0.450000 0.650000 0.000010 0.000010
0.450000 0.660000 0.000010 0.000010
0.450000 0.670000 0.000010 0.000010
0.450000 0.680000 0.000010 0.000010
0.450000 0.690000 0.000010 0.000010
0.450000 0.700000 0.000010 0.000010

0.500000 0.000000 0.000010 0.000010
0.500000 0.010000 0.000010 0.000010
0.500000 0.020000 0.000010 0.000010
0.500000 0.030000 0.000010 0.000010
0.500000 0.040000 0.004348 0.000010
0.500000 0.050000 0.004348 0.000010
0.500000 0.060000 0.003805 0.000010
0.500000 0.070000 0.021721 0.000010
0.500000 0.080000 0.023349 0.000010
0.500000 0.090000 0.030084 0.000010
0.500000 0.100000 0.039856 0.000010
0.500000 0.110000 0.038386 0.000010
0.500000 0.120000 0.053573 0.000010
0.500000 0.130000 0.059545 0.000010
0.500000 0.140000 0.076520 0.000010
0.500000 0.150000 0.071554 0.000010
0.500000 0.160000 0.080386 0.000010
0.500000 0.170000 0.080770 0.000010
0.500000 0.180000 0.075341 0.000010
0.500000 0.190000 0.079684 0.000010
0.500000 0.200000 0.089906 0.000010
0.500000 0.210000 0.081604 0.000010
0.500000 0.220000 0.097956 0.025697
0.500000 0.230000 0.097956 0.174340
0.500000 0.240000 0.000010 0.167094
0.500000 0.250000 0.000010 0.130337
0.500000 0.260000 0.000010 0.122263
0.500000 0.270000 0.000010 0.060793
0.500000 0.280000 0.000010 0.079746
0.500000 0.290000 0.000010 0.051401
0.500000 0.300000 0.000010 0.036570
0.500000 0.310000 0.000010 0.044644
0.500000 0.320000 0.000010 0.024379
0.500000 0.330000 0.000010 0.026355
0.500000 0.340000 0.000010 0.033107
0.500000 0.350000 0.000010 0.024543
0.500000 0.360000 0.000010 0.021744
0.500000 0.370000 0.000010 0.021085
0.500000 0.380000 0.000010 0.017133
0.500000 0.390000 0.000010 0.015815
0.500000 0.400000 0.000010 0.012521
0.500000 0.410000 0.000010 0.012521
0.500000 0.420000 0.000010 0.009886
0.500000 0.430000 0.000010 0.008569
0.500000 0.440000 0.000010 0.010545
0.500000 0.450000 0.000010 0.009228
0.500000 0.460000 0.000010 0.008569
0.500000 0.470000 0.000010 0.007251
0.500000 0.480000 0.000010 0.003299
0.500000 0.490000 0.000010 0.005275
0.500000 0.500000 0.000010 0.001323
0.500000 0.510000 0.000010 0.002640
0.500000 0.520000 0.000010 0.001323
0.500000 0.530000 0.000010 0.003299
0.500000 0.540000 0.000010 0.003299
0.500000 0.550000 0.000010 0.001323
0.500000 0.560000 0.000010 0.001323
0.500000 0.570000 0.000010 0.000010
0.500000 0.580000 0.000010 0.001323
0.500000 0.590000 0.000010 0.000010
0.500000 0.600000 0.000010 0.000664
0.500000 0.610000 0.000010 0.000010
0.500000 0.620000 0.000010 0.000010
0.500000 0.630000 0.000010 0.000010
0.500000 0.640000 0.000010 0.000010
0.500000 0.650000 0.000010 0.000010
0.500000 0.660000 0.000010 0.000010
0.500000 0.670000 0.000010 0.000010
0.500000 0.680000 0.000010 0.000010
0.500000 0.690000 0.000010 0.000010
0.500000 0.700000 0.000010 0.000010

0.550000 0.000000 0.000010 0.000010
0.550000 0.010000 0.000010 0.000010
0.550000 0.020000 0.000010 0.000010
0.550000 0.030000 0.000010 0.000010
0.550000 0.040000 0.004782 0.000010
0.550000 0.050000 0.004782 0.000010
0.550000 0.060000 0.004185 0.000010
0.550000 0.070000 0.023892 0.000010
0.550000 0.080000 0.025683 0.000010
0.550000 0.090000 0.031418 0.000010
0.550000 0.100000 0.042168 0.000010
0.550000 0.110000 0.041388 0.000010
0.550000 0.120000 0.055165 0.000010
0.550000 0.130000 0.061734 0.000010
0.550000 0.140000 0.078314 0.000010
0.550000 0.150000 0.072434 0.000010
0.550000 0.160000 0.080056 0.000010
0.550000 0.170000 0.079642 0.000010
0.550000 0.180000 0.073670 0.000010
0.550000 0.190000 0.078448 0.000010
0.550000 0.200000 0.086344 0.000010
0.550000 0.210000 0.076375 0.000010
0.550000 0.220000 0.091852 0.023128
0.550000 0.230000 0.091852 0.186636
0.550000 0.240000 0.000010 0.180114
0.550000 0.250000 0.000010 0.137573
0.550000 0.260000 0.000010 0.128955
0.550000 0.270000 0.000010 0.061470
0.550000 0.280000 0.000010 0.082582
0.550000 0.290000 0.000010 0.051666
0.550000 0.300000 0.000010 0.035616
0.550000 0.310000 0.000010 0.044234
0.550000 0.320000 0.000010 0.021942
0.550000 0.330000 0.000010 0.023721
0.550000 0.340000 0.000010 0.031148
0.550000 0.350000 0.000010 0.023440
0.550000 0.360000 0.000010 0.019571
0.550000 0.370000 0.000010 0.018978
0.550000 0.380000 0.000010 0.015421
0.550000 0.390000 0.000010 0.014235
0.550000 0.400000 0.000010 0.011270
0.550000 0.410000 0.000010 0.011270
0.550000 0.420000 0.000010 0.008899
0.550000 0.430000 0.000010 0.007713
0.550000 0.440000 0.000010 0.009492
0.550000 0.450000 0.000010 0.008306
0.550000 0.460000 0.000010 0.007713
0.550000 0.470000 0.000010 0.006527
0.550000 0.480000 0.000010 0.002970
0.550000 0.490000 0.000010 0.004749
0.550000 0.500000 0.000010 0.001191
0.550000 0.510000 0.000010 0.002377
0.550000 0.520000 0.000010 0.001191
0.550000 0.530000 0.000010 0.002970
0.550000 0.540000 0.000010 0.002970
0.550000 0.550000 0.000010 0.001191
0.550000 0.560000 0.000010 0.001191
0.550000 0.570000 0.000010 0.000010
0.550000 0.580000 0.000010 0.001191
0.550000 0.590000 0.000010 0.000010
0.550000 0.600000 0.000010 0.000598
0.550000 0.610000 0.000010 0.000010
0.550000 0.620000 0.000010 0.000010
0.550000 0.630000 0.000010 0.000010
0.550000 0.640000 0.000010 0.000010
0.550000 0.650000 0.000010 0.000010
0.550000 0.660000 0.000010 0.000010
0.550000 0.670000 0.000010 0.000010
0.550000 0.680000 0.000010 0.000010
0.550000 0.690000 0.000010 0.000010
0.550000 0.700000 0.000010 0.000010

0.600000 0.000000 0.000010 0.000010
0.600000 0.010000 0.000010 0.000010
0.600000 0.020000 0.000010 0.000010
0.600000 0.030000 0.000010 0.000010
0.600000 0.040000 0.005216 0.000010
0.600000 0.050000 0.005216 0.000010
0.600000 0.060000 0.004564 0.000010
0.600000 0.070000 0.026063 0.000010
0.600000 0.080000 0.028017 0.000010
0.600000 0.090000 0.032753 0.000010
0.600000 0.100000 0.044480 0.000010
0.600000 0.110000 0.044390 0.000010
0.600000 0.120000 0.056757 0.000010
0.600000 0.130000 0.063923 0.000010
0.600000 0.140000 0.080108 0.000010
0.600000 0.150000 0.073313 0.000010
0.600000 0.160000 0.079727 0.000010
0.600000 0.170000 0.078514 0.000010
0.600000 0.180000 0.071999 0.000010
0.600000 0.190000 0.077211 0.000010
0.600000 0.200000 0.082782 0.000010
0.600000 0.210000 0.071146 0.000010
0.600000 0.220000 0.085748 0.020559
0.600000 0.230000 0.085748 0.198932
0.600000 0.240000 0.000010 0.193135
0.600000 0.250000 0.000010 0.144810
0.600000 0.260000 0.000010 0.135648
0.600000 0.270000 0.000010 0.062148
0.600000 0.280000 0.000010 0.085418
0.600000 0.290000 0.000010 0.051932
0.600000 0.300000 0.000010 0.034662
0.600000 0.310000 0.000010 0.043824
0.600000 0.320000 0.000010 0.019505
0.600000 0.330000 0.000010 0.021086
0.600000 0.340000 0.000010 0.029188
0.600000 0.350000 0.000010 0.022337
0.600000 0.360000 0.000010 0.017397
0.600000 0.370000 0.000010 0.016870
0.600000 0.380000 0.000010 0.013708
0.600000 0.390000 0.000010 0.012654
0.600000 0.400000 0.000010 0.010019
0.600000 0.410000 0.000010 0.010019
0.600000 0.420000 0.000010 0.007911
0.600000 0.430000 0.000010 0.006857
0.600000 0.440000 0.000010 0.008438
0.600000 0.450000 0.000010 0.007384
0.600000 0.460000 0.000010 0.006857
0.600000 0.470000 0.000010 0.005803
0.600000 0.480000 0.000010 0.002641
0.600000 0.490000 0.000010 0.004222
0.600000 0.500000 0.000010 0.001060
0.600000 0.510000 0.000010 0.002114
0.600000 0.520000 0.000010 0.001060
0.600000 0.530000 0.000010 0.002641
0.600000 0.540000 0.000010 0.002641
0.600000 0.550000 0.000010 0.001060
0.600000 0.560000 0.000010 0.001060
0.600000 0.570000 0.000010 0.000010
0.600000 0.580000 0.000010 0.001060
0.600000 0.590000 0.000010 0.000010
0.600000 0.600000 0.000010 0.000533
0.600000 0.610000 0.000010 0.000010
0.600000 0.620000 0.000010 0.000010
0.600000 0.630000 0.000010 0.000010
0.600000 0.640000 0.000010 0.000010
0.600000 0.650000 0.000010 0.000010
0.600000 0.660000 0.000010 0.000010
0.600000 0.670000 0.000010 0.000010
0.600000 0.680000 0.000010 0.000010
0.600000 0.690000 0.000010 0.000010
0.600000 0.700000 0.000010 0.000010

0.650000 0.000000 0.000010 0.000010
0.650000 0.010000 0.000010 0.000010
0.650000 0.020000 0.000010 0.000010
0.650000 0.030000 0.000010 0.000010
0.650000 0.040000 0.005650 0.000010
0.650000 0.050000 0.005650 0.000010
0.650000 0.060000 0.004944 0.000010
0.650000 0.070000 0.028234 0.000010
0.650000 0.080000 0.030351 0.000010
0.650000 0.090000 0.034088 0.000010
0.650000 0.100000 0.046792 0.000010
0.650000 0.110000 0.047391 0.000010
0.650000 0.120000 0.058348 0.000010
0.650000 0.130000 0.066112 0.000010
0.650000 0.140000 0.081903 0.000010
0.650000 0.150000 0.074192 0.000010
0.650000 0.160000 0.079397 0.000010
0.650000 0.170000 0.077386 0.000010
0.650000 0.180000 0.070328 0.000010
0.650000 0.190000 0.075974 0.000010
0.650000 0.200000 0.079221 0.000010
0.650000 0.210000 0.065917 0.000010
0.650000 0.220000 0.079644 0.017991
0.650000 0.230000 0.079644 0.211227
0.650000 0.240000 0.000010 0.206155
0.650000 0.250000 0.000010 0.152047
0.650000 0.260000 0.000010 0.142341
0.650000 0.270000 0.000010 0.062825
0.650000 0.280000 0.000010 0.088254
0.650000 0.290000 0.000010 0.052197
0.650000 0.300000 0.000010 0.033707
0.650000 0.310000 0.000010 0.043413
0.650000 0.320000 0.000010 0.017068
0.650000 0.330000 0.000010 0.018452
0.650000 0.340000 0.000010 0.027229
0.650000 0.350000 0.000010 0.021234
0.650000 0.360000 0.000010 0.015224
0.650000 0.370000 0.000010 0.014763
0.650000 0.380000 0.000010 0.011996
0.650000 0.390000 0.000010 0.011074
0.650000 0.400000 0.000010 0.008768
0.650000 0.410000 0.000010 0.008768
0.650000 0.420000 0.000010 0.006923
0.650000 0.430000 0.000010 0.006001
0.650000 0.440000 0.000010 0.007385
0.650000 0.450000 0.000010 0.006462
0.650000 0.460000 0.000010 0.006001
0.650000 0.470000 0.000010 0.005079
0.650000 0.480000 0.000010 0.002312
0.650000 0.490000 0.000010 0.003696
0.650000 0.500000 0.000010 0.000929
0.650000 0.510000 0.000010 0.001851
0.650000 0.520000 0.000010 0.000929
0.650000 0.530000 0.000010 0.002312
0.650000 0.540000 0.000010 0.002312
0.650000 0.550000 0.000010 0.000929
0.650000 0.560000 0.000010 0.000929
0.650000 0.570000 0.000010 0.000010
0.650000 0.580000 0.000010 0.000929
0.650000 0.590000 0.000010 0.000010
0.650000 0.600000 0.000010 0.000468
0.650000 0.610000 0.000010 0.000010
0.650000 0.620000 0.000010 0.000010
0.650000 0.630000 0.000010 0.000010
0.650000 0.640000 0.000010 0.000010
0.650000 0.650000 0.000010 0.000010
0.650000 0.660000 0.000010 0.000010
0.650000 0.670000 0.000010 0.000010
0.650000 0.680000 0.000010 0.000010
0.650000 0.690000 0.000010 0.000010
0.650000 0.700000 0.000010 0.000010

0.700000 0.000000 0.000010 0.000010
0.700000 0.010000 0.000010 0.000010
0.700000 0.020000 0.000010 0.000010
0.700000 0.030000 0.000010 0.000010
0.700000 0.040000 0.006083 0.000010
0.700000 0.050000 0.006083 0.000010
0.700000 0.060000 0.005323 0.000010
0.700000 0.070000 0.030405 0.000010
0.700000 0.080000 0.032685 0.000010
0.700000 0.090000 0.035423 0.000010
0.700000 0.100000 0.049103 0.000010
0.700000 0.110000 0.050393 0.000010
0.700000 0.120000 0.059940 0.000010
0.700000 0.130000 0.068300 0.000010
0.700000 0.140000 0.083697 0.000010
0.700000 0.150000 0.075072 0.000010
0.700000 0.160000 0.079068 0.000010
0.700000 0.170000 0.076258 0.000010
0.700000 0.180000 0.068657 0.000010
0.700000 0.190000 0.074738 0.000010
0.700000 0.200000 0.075659 0.000010
0.700000 0.210000 0.060689 0.000010
0.700000 0.220000 0.073540 0.015422
0.700000 0.230000 0.073540 0.223523
0.700000 0.240000 0.000010 0.219175
0.700000 0.250000 0.000010 0.159283
0.700000 0.260000 0.000010 0.149033
0.700000 0.270000 0.000010 0.063503
0.700000 0.280000 0.000010 0.091091
0.700000 0.290000 0.000010 0.052462
0.700000 0.300000 0.000010 0.032753
0.700000 0.310000 0.000010 0.043003
0.700000 0.320000 0.000010 0.014632
0.700000 0.330000 0.000010 0.015817
0.700000 0.340000 0.000010 0.025270
0.700000 0.350000 0.000010 0.020131
0.700000 0.360000 0.000010 0.013050
0.700000 0.370000 0.000010 0.012655
0.700000 0.380000 0.000010 0.010284
0.700000 0.390000 0.000010 0.009493
0.700000 0.400000 0.000010 0.007517
0.700000 0.410000 0.000010 0.007517
0.700000 0.420000 0.000010 0.005936
0.700000 0.430000 0.000010 0.005145
0.700000 0.440000 0.000010 0.006331
0.700000 0.450000 0.000010 0.005541
0.700000 0.460000 0.000010 0.005145
0.700000 0.470000 0.000010 0.004355
0.700000 0.480000 0.000010 0.001983
0.700000 0.490000 0.000010 0.003169
0.700000 0.500000 0.000010 0.000798
0.700000 0.510000 0.000010 0.001588
0.700000 0.520000 0.000010 0.000798
0.700000 0.530000 0.000010 0.001983
0.700000 0.540000 0.000010 0.001983
0.700000 0.550000 0.000010 0.000798
0.700000 0.560000 0.000010 0.000798
0.700000 0.570000 0.000010 0.000010
0.700000 0.580000 0.000010 0.000798
0.700000 0.590000 0.000010 0.000010
0.700000 0.600000 0.000010 0.000402
0.700000 0.610000 0.000010 0.000010
0.700000 0.620000 0.000010 0.000010
0.700000 0.630000 0.000010 0.000010
0.700000 0.640000 0.000010 0.000010
0.700000 0.650000 0.000010 0.000010
0.700000 0.660000 0.000010 0.000010
0.700000 0.670000 0.000010 0.000010
0.700000 0.680000 0.000010 0.000010
0.700000 0.690000 0.000010 0.000010
0.700000 0.700000 0.000010 0.000010

0.750000 0.000000 0.000010 0.000010
0.750000 0.010000 0.000010 0.000010
0.750000 0.020000 0.000010 0.000010
0.750000 0.030000 0.000010 0.000010
0.750000 0.040000 0.006517 0.000010
0.750000 0.050000 0.006517 0.000010
0.750000 0.060000 0.005703 0.000010
0.750000 0.070000 0.032576 0.000010
0.750000 0.080000 0.035019 0.000010
0.750000 0.090000 0.036757 0.000010
0.750000 0.100000 0.051415 0.000010
0.750000 0.110000 0.053395 0.000010
0.750000 0.120000 0.061531 0.000010
0.750000 0.130000 0.070489 0.000010
0.750000 0.140000 0.085491 0.000010
0.750000 0.150000 0.075951 0.000010
0.750000 0.160000 0.078738 0.000010
0.750000 0.170000 0.075130 0.000010
0.750000 0.180000 0.066986 0.000010
0.750000 0.190000 0.073501 0.000010
0.750000 0.200000 0.072097 0.000010
0.750000 0.210000 0.055460 0.000010
0.750000 0.220000 0.067436 0.012853
0.750000 0.230000 0.067436 0.235819
0.750000 0.240000 0.000010 0.232196
0.750000 0.250000 0.000010 0.166520
0.750000 0.260000 0.000010 0.155726
0.750000 0.270000 0.000010 0.064180
0.750000 0.280000 0.000010 0.093927
0.750000 0.290000 0.000010 0.052728
0.750000 0.300000 0.000010 0.031799
0.750000 0.310000 0.000010 0.042592
0.750000 0.320000 0.000010 0.012195
0.750000 0.330000 0.000010 0.013183
0.750000 0.340000 0.000010 0.023310
0.750000 0.350000 0.000010 0.019028
0.750000 0.360000 0.000010 0.010877
0.750000 0.370000 0.000010 0.010548
0.750000 0.380000 0.000010 0.008571
0.750000 0.390000 0.000010 0.007913
0.750000 0.400000 0.000010 0.006266
0.750000 0.410000 0.000010 0.006266
0.750000 0.420000 0.000010 0.004948
0.750000 0.430000 0.000010 0.004289
0.750000 0.440000 0.000010 0.005278
0.750000 0.450000 0.000010 0.004619
0.750000 0.460000 0.000010 0.004289
0.750000 0.470000 0.000010 0.003631
0.750000 0.480000 0.000010 0.001654
0.750000 0.490000 0.000010 0.002643
0.750000 0.500000 0.000010 0.000666
0.750000 0.510000 0.000010 0.001325
0.750000 0.520000 0.000010 0.000666
0.750000 0.530000 0.000010 0.001654
0.750000 0.540000 0.000010 0.001654
0.750000 0.550000 0.000010 0.000666
0.750000 0.560000 0.000010 0.000666
0.750000 0.570000 0.000010 0.000010
0.750000 0.580000 0.000010 0.000666
0.750000 0.590000 0.000010 0.000010
0.750000 0.600000 0.000010 0.000337
0.750000 0.610000 0.000010 0.000010
0.750000 0.620000 0.000010 0.000010
0.750000 0.630000 0.000010 0.000010
0.750000 0.640000 0.000010 0.000010
0.750000 0.650000 0.000010 0.000010
0.750000 0.660000 0.000010 0.000010
0.750000 0.670000 0.000010 0.000010
0.750000 0.680000 0.000010 0.000010
0.750000 0.690000 0.000010 0.000010
0.750000 0.700000 0.000010 0.000010

0.800000 0.000000 0.000010 0.000010
0.800000 0.010000 0.000010 0.000010
0.800000 0.020000 0.000010 0.000010
0.800000 0.030000 0.000010 0.000010
0.800000 0.040000 0.006951 0.000010
0.800000 0.050000 0.006951 0.000010
0.800000 0.060000 0.006082 0.000010
0.800000 0.070000 0.034747 0.000010
0.800000 0.080000 0.037353 0.000010
0.800000 0.090000 0.038092 0.000010
0.800000 0.100000 0.053727 0.000010
0.800000 0.110000 0.056397 0.000010
0.800000 0.120000 0.063123 0.000010
0.800000 0.130000 0.072678 0.000010
0.800000 0.140000 0.087286 0.000010
0.800000 0.150000 0.076830 0.000010
0.800000 0.160000 0.078408 0.000010
0.800000 0.170000 0.074002 0.000010
0.800000 0.180000 0.065316 0.000010
0.800000 0.190000 0.072265 0.000010
0.800000 0.200000 0.068536 0.000010
0.800000 0.210000 0.050231 0.000010
0.800000 0.220000 0.061332 0.010285
0.800000 0.230000 0.061332 0.248115
0.800000 0.240000 0.000010 0.245216
0.800000 0.250000 0.000010 0.173756
0.800000 0.260000 0.000010 0.162419
0.800000 0.270000 0.000010 0.064858
0.800000 0.280000 0.000010 0.096763
0.800000 0.290000 0.000010 0.052993
0.800000 0.300000 0.000010 0.030844
0.800000 0.310000 0.000010 0.042182
0.800000 0.320000 0.000010 0.009758
0.800000 0.330000 0.000010 0.010548
0.800000 0.340000 0.000010 0.021351
0.800000 0.350000 0.000010 0.017925
0.800000 0.360000 0.000010 0.008704
0.800000 0.370000 0.000010 0.008440
0.800000 0.380000 0.000010 0.006859
0.800000 0.390000 0.000010 0.006332
0.800000 0.400000 0.000010 0.005015
0.800000 0.410000 0.000010 0.005015
0.800000 0.420000 0.000010 0.003961
0.800000 0.430000 0.000010 0.003434
0.800000 0.440000 0.000010 0.004224
0.800000 0.450000 0.000010 0.003697
0.800000 0.460000 0.000010 0.003434
0.800000 0.470000 0.000010 0.002907
0.800000 0.480000 0.000010 0.001326
0.800000 0.490000 0.000010 0.002116
0.800000 0.500000 0.000010 0.000535
0.800000 0.510000 0.000010 0.001062
0.800000 0.520000 0.000010 0.000535
0.800000 0.530000 0.000010 0.001326
0.800000 0.540000 0.000010 0.001326
0.800000 0.550000 0.000010 0.000535
0.800000 0.560000 0.000010 0.000535
0.800000 0.570000 0.000010 0.000010
0.800000 0.580000 0.000010 0.000535
0.800000 0.590000 0.000010 0.000010
0.800000 0.600000 0.000010 0.000272
0.800000 0.610000 0.000010 0.000010
0.800000 0.620000 0.000010 0.000010
0.800000 0.630000 0.000010 0.000010
0.800000 0.640000 0.000010 0.000010
0.800000 0.650000 0.000010 0.000010
0.800000 0.660000 0.000010 0.000010
0.800000 0.670000 0.000010 0.000010
0.800000 0.680000 0.000010 0.000010
0.800000 0.690000 0.000010 0.000010
0.800000 0.700000 0.000010 0.000010

0.850000 0.000000 0.000010 0.000010
0.850000 0.010000 0.000010 0.000010
0.850000 0.020000 0.000010 0.000010
0.850000 0.030000 0.000010 0.000010
0.850000 0.040000 0.007385 0.000010
0.850000 0.050000 0.007385 0.000010
0.850000 0.060000 0.006462 0.000010
0.850000 0.070000 0.036918 0.000010
0.850000 0.080000 0.039687 0.000010
0.850000 0.090000 0.039427 0.000010
0.850000 0.100000 0.056039 0.000010
0.850000 0.110000 0.059399 0.000010
0.850000 0.120000 0.064715 0.000010
0.850000 0.130000 0.074867 0.000010
0.850000 0.140000 0.089080 0.000010
0.850000 0.150000 0.077710 0.000010
0.850000 0.160000 0.078079 0.000010
0.850000 0.170000 0.072874 0.000010
0.850000 0.180000 0.063645 0.000010
0.850000 0.190000 0.071028 0.000010
0.850000 0.200000 0.064974 0.000010
0.850000 0.210000 0.045002 0.000010
0.850000 0.220000 0.055228 0.007716
0.850000 0.230000 0.055228 0.260410
0.850000 0.240000 0.000010 0.258236
0.850000 0.250000 0.000010 0.180993
0.850000 0.260000 0.000010 0.169111
0.850000 0.270000 0.000010 0.065535
0.850000 0.280000 0.000010 0.099599
0.850000 0.290000 0.000010 0.053258
0.850000 0.300000 0.000010 0.029890
0.850000 0.310000 0.000010 0.041772
0.850000 0.320000 0.000010 0.007321
0.850000 0.330000 0.000010 0.007914
0.850000 0.340000 0.000010 0.019392
0.850000 0.350000 0.000010 0.016822
0.850000 0.360000 0.000010 0.006530
0.850000 0.370000 0.000010 0.006333
0.850000 0.380000 0.000010 0.005147
0.850000 0.390000 0.000010 0.004752
0.850000 0.400000 0.000010 0.003763
0.850000 0.410000 0.000010 0.003763
0.850000 0.420000 0.000010 0.002973
0.850000 0.430000 0.000010 0.002578
0.850000 0.440000 0.000010 0.003171
0.850000 0.450000 0.000010 0.002775
0.850000 0.460000 0.000010 0.002578
0.850000 0.470000 0.000010 0.002182
0.850000 0.480000 0.000010 0.000997
0.850000 0.490000 0.000010 0.001590
0.850000 0.500000 0.000010 0.000404
0.850000 0.510000 0.000010 0.000799
0.850000 0.520000 0.000010 0.000404
0.850000 0.530000 0.000010 0.000997
0.850000 0.540000 0.000010 0.000997
0.850000 0.550000 0.000010 0.000404
0.850000 0.560000 0.000010 0.000404
0.850000 0.570000 0.000010 0.000010
0.850000 0.580000 0.000010 0.000404
0.850000 0.590000 0.000010 0.000010
0.850000 0.600000 0.000010 0.000206
0.850000 0.610000 0.000010 0.000010
0.850000 0.620000 0.000010 0.000010
0.850000 0.630000 0.000010 0.000010
0.850000 0.640000 0.000010 0.000010
0.850000 0.650000 0.000010 0.000010
0.850000 0.660000 0.000010 0.000010
0.850000 0.670000 0.000010 0.000010
0.850000 0.680000 0.000010 0.000010
0.850000 0.690000 0.000010 0.000010
0.850000 0.700000 0.000010 0.000010

0.900000 0.000000 0.000010 0.000010
0.900000 0.010000 0.000010 0.000010
0.900000 0.020000 0.000010 0.000010
0.900000 0.030000 0.000010 0.000010
0.900000 0.040000 0.007819 0.000010
0.900000 0.050000 0.007819 0.000010
0.900000 0.060000 0.006841 0.000010
0.900000 0.070000 0.039089 0.000010
0.900000 0.080000 0.042021 0.000010
0.900000 0.090000 0.040762 0.000010
0.900000 0.100000 0.058351 0.000010
0.900000 0.110000 0.062400 0.000010
0.900000 0.120000 0.066306 0.000010
0.900000 0.130000 0.077056 0.000010
0.900000 0.140000 0.090874 0.000010
0.900000 0.150000 0.078589 0.000010
0.900000 0.160000 0.077749 0.000010
0.900000 0.170000 0.071746 0.000010
0.900000 0.180000 0.061974 0.000010
0.900000 0.190000 0.069791 0.000010
0.900000 0.200000 0.061412 0.000010
0.900000 0.210000 0.039773 0.000010
0.900000 0.220000 0.049124 0.005147
0.900000 0.230000 0.049124 0.272706
0.900000 0.240000 0.000010 0.271257
0.900000 0.250000 0.000010 0.188230
0.900000 0.260000 0.000010 0.175804
0.900000 0.270000 0.000010 0.066213
0.900000 0.280000 0.000010 0.102436
0.900000 0.290000 0.000010 0.053523
0.900000 0.300000 0.000010 0.028936
0.900000 0.310000 0.000010 0.041361
0.900000 0.320000 0.000010 0.004884
0.900000 0.330000 0.000010 0.005279
0.900000 0.340000 0.000010 0.017432
0.900000 0.350000 0.000010 0.015719
0.900000 0.360000 0.000010 0.004357
0.900000 0.370000 0.000010 0.004225
0.900000 0.380000 0.000010 0.003435
0.900000 0.390000 0.000010 0.003171
0.900000 0.400000 0.000010 0.002512
0.900000 0.410000 0.000010 0.002512
0.900000 0.420000 0.000010 0.001985
0.900000 0.430000 0.000010 0.001722
0.900000 0.440000 0.000010 0.002117
0.900000 0.450000 0.000010 0.001854
0.900000 0.460000 0.000010 0.001722
0.900000 0.470000 0.000010 0.001458
0.900000 0.480000 0.000010 0.000668
0.900000 0.490000 0.000010 0.001063
0.900000 0.500000 0.000010 0.000273
0.900000 0.510000 0.000010 0.000536
0.900000 0.520000 0.000010 0.000273
0.900000 0.530000 0.000010 0.000668
0.900000 0.540000 0.000010 0.000668
0.900000 0.550000 0.000010 0.000273
0.900000 0.560000 0.000010 0.000273
0.900000 0.570000 0.000010 0.000010
0.900000 0.580000 0.000010 0.000273
0.900000 0.590000 0.000010 0.000010
0.900000 0.600000 0.000010 0.000141
0.900000 0.610000 0.000010 0.000010
0.900000 0.620000 0.000010 0.000010
0.900000 0.630000 0.000010 0.000010
0.900000 0.640000 0.000010 0.000010
0.900000 0.650000 0.000010 0.000010
0.900000 0.660000 0.000010 0.000010
0.900000 0.670000 0.000010 0.000010
0.900000 0.680000 0.000010 0.000010
0.900000 0.690000 0.000010 0.000010
0.900000 0.700000 0.000010 0.000010

0.950000 0.000000 0.000010 0.000010
0.950000 0.010000 0.000010 0.000010
0.950000 0.020000 0.000010 0.000010
0.950000 0.030000 0.000010 0.000010
0.950000 0.040000 0.008252 0.000010
0.950000 0.050000 0.008252 0.000010
0.950000 0.060000 0.007221 0.000010
0.950000 0.070000 0.041260 0.000010
0.950000 0.080000 0.044354 0.000010
0.950000 0.090000 0.042096 0.000010
0.950000 0.100000 0.060663 0.000010
0.950000 0.110000 0.065402 0.000010
0.950000 0.120000 0.067898 0.000010
0.950000 0.130000 0.079244 0.000010
0.950000 0.140000 0.092668 0.000010
0.950000 0.150000 0.079468 0.000010
0.950000 0.160000 0.077420 0.000010
0.950000 0.170000 0.070618 0.000010
0.950000 0.180000 0.060303 0.000010
0.950000 0.190000 0.068555 0.000010
0.950000 0.200000 0.057851 0.000010
0.950000 0.210000 0.034545 0.000010
0.950000 0.220000 0.043020 0.002579
0.950000 0.230000 0.043020 0.285002
0.950000 0.240000 0.000010 0.284277
0.950000 0.250000 0.000010 0.195466
0.950000 0.260000 0.000010 0.182497
0.950000 0.270000 0.000010 0.066890
0.950000 0.280000 0.000010 0.105272
0.950000 0.290000 0.000010 0.053789
0.950000 0.300000 0.000010 0.027981
0.950000 0.310000 0.000010 0.040951
0.950000 0.320000 0.000010 0.002447
0.950000 0.330000 0.000010 0.002645
0.950000 0.340000 0.000010 0.015473
0.950000 0.350000 0.000010 0.014616
0.950000 0.360000 0.000010 0.002183
0.950000 0.370000 0.000010 0.002118
0.950000 0.380000 0.000010 0.001722
0.950000 0.390000 0.000010 0.001591
0.950000 0.400000 0.000010 0.001261
0.950000 0.410000 0.000010 0.001261
0.950000 0.420000 0.000010 0.000998
0.950000 0.430000 0.000010 0.000866
0.950000 0.440000 0.000010 0.001064
0.950000 0.450000 0.000010 0.000932
0.950000 0.460000 0.000010 0.000866
0.950000 0.470000 0.000010 0.000734
0.950000 0.480000 0.000010 0.000339
0.950000 0.490000 0.000010 0.000537
0.950000 0.500000 0.000010 0.000141
0.950000 0.510000 0.000010 0.000273
0.950000 0.520000 0.000010 0.000141
0.950000 0.530000 0.000010 0.000339
0.950000 0.540000 0.000010 0.000339
0.950000 0.550000 0.000010 0.000141
0.950000 0.560000 0.000010 0.000141
0.950000 0.570000 0.000010 0.000010
0.950000 0.580000 0.000010 0.000141
0.950000 0.590000 0.000010 0.000010
0.950000 0.600000 0.000010 0.000075
0.950000 0.610000 0.000010 0.000010
0.950000 0.620000 0.000010 0.000010
0.950000 0.630000 0.000010 0.000010
0.950000 0.640000 0.000010 0.000010
0.950000 0.650000 0.000010 0.000010
0.950000 0.660000 0.000010 0.000010
0.950000 0.670000 0.000010 0.000010
0.950000 0.680000 0.000010 0.000010
0.950000 0.690000 0.000010 0.000010
0.950000 0.700000 0.000010 0.000010

1.000000 0.000000 0.000010 0.000010
1.000000 0.010000 0.000010 0.000010
1.000000 0.020000 0.000010 0.000010
1.000000 0.030000 0.000010 0.000010
1.000000 0.040000 0.008686 0.000010
1.000000 0.050000 0.008686 0.000010
1.000000 0.060000 0.007600 0.000010
1.000000 0.070000 0.043431 0.000010
1.000000 0.080000 0.046688 0.000010
1.000000 0.090000 0.043431 0.000010
1.000000 0.100000 0.062975 0.000010
1.000000 0.110000 0.068404 0.000010
1.000000 0.120000 0.069490 0.000010
1.000000 0.130000 0.081433 0.000010
1.000000 0.140000 0.094463 0.000010
1.000000 0.150000 0.080347 0.000010
1.000000 0.160000 0.077090 0.000010
1.000000 0.170000 0.069490 0.000010
1.000000 0.180000 0.058632 0.000010
1.000000 0.190000 0.067318 0.000010
1.000000 0.200000 0.054289 0.000010
1.000000 0.210000 0.029316 0.000010
1.000000 0.220000 0.036916 0.000010
1.000000 0.230000 0.036916 0.297297
1.000000 0.240000 0.000010 0.297297
1.000000 0.250000 0.000010 0.202703
1.000000 0.260000 0.000010 0.189189
1.000000 0.270000 0.000010 0.067568
1.000000 0.280000 0.000010 0.108108
1.000000 0.290000 0.000010 0.054054
1.000000 0.300000 0.000010 0.027027
1.000000 0.310000 0.000010 0.040541
1.000000 0.320000 0.000010 0.000010
1.000000 0.330000 0.000010 0.000010
1.000000 0.340000 0.000010 0.013514
1.000000 0.350000 0.000010 0.013514
1.000000 0.360000 0.000010 0.000010
1.000000 0.370000 0.000010 0.000010
1.000000 0.380000 0.000010 0.000010
1.000000 0.390000 0.000010 0.000010
1.000000 0.400000 0.000010 0.000010
1.000000 0.410000 0.000010 0.000010
1.000000 0.420000 0.000010 0.000010
1.000000 0.430000 0.000010 0.000010
1.000000 0.440000 0.000010 0.000010
1.000000 0.450000 0.000010 0.000010
1.000000 0.460000 0.000010 0.000010
1.000000 0.470000 0.000010 0.000010
1.000000 0.480000 0.000010 0.000010
1.000000 0.490000 0.000010 0.000010
1.000000 0.500000 0.000010 0.000010
1.000000 0.510000 0.000010 0.000010
1.000000 0.520000 0.000010 0.000010
1.000000 0.530000 0.000010 0.000010
1.000000 0.540000 0.000010 0.000010
1.000000 0.550000 0.000010 0.000010
1.000000 0.560000 0.000010 0.000010
1.000000 0.570000 0.000010 0.000010
1.000000 0.580000 0.000010 0.000010
1.000000 0.590000 0.000010 0.000010
1.000000 0.600000 0.000010 0.000010
1.000000 0.610000 0.000010 0.000010
1.000000 0.620000 0.000010 0.000010
1.000000 0.630000 0.000010 0.000010
1.000000 0.640000 0.000010 0.000010
1.000000 0.650000 0.000010 0.000010
1.000000 0.660000 0.000010 0.000010
1.000000 0.670000 0.000010 0.000010
1.000000 0.680000 0.000010 0.000010
1.000000 0.690000 0.000010 0.000010
1.000000 0.700000 0.000010 0.000010

