0.359054
0.324359
0.244845
0.277777
0.539260
0.250239
0.266590
0.306205
0.295355
0.246240
0.258300
0.377116
0.265094
0.255958
0.335686
0.458510
0.531829
0.439220
0.320298
0.551443
0.302697
0.251509
0.235807
0.301647
0.236603
0.471176
0.345113
0.375727
0.268155
0.287230
0.348623
0.239026
0.250121
0.283471
0.324495
0.274789
0.392359
0.392124
0.407939
0.245926
0.372899
0.367824
0.271563
0.312221
0.478933
0.261714
0.377339
0.411328
0.312022
0.449351
0.410263
0.281130
0.319749
0.415726
0.339509
0.336438
0.324353
0.305532
0.336773
0.430113
0.469772
0.295859
0.400888
0.268230
0.262644
0.256363
0.350861
0.232952
0.289903
0.267754
0.340994
0.410270
0.541299
0.391047
0.349112
0.257655
0.442038
0.275901
0.328195
0.269095
0.262979
0.510614
0.266579
0.248354
0.611054
0.306467
0.402496
0.312711
0.255393
0.338118
0.308420
0.381689
0.347636
0.425840
0.484749
0.399743
0.332058
0.446481
0.365505
0.248329
0.253134
0.243608
0.237161
0.322967
0.367679
0.538522
0.282948
0.396031
0.234532
0.324659
0.447127
0.329799
0.245639
0.300938
0.290148
0.286700
0.245257
0.285242
0.435001
0.339393
0.318164
0.240940
0.230525
0.273666
0.316188
0.331219
0.304852
0.357929
0.234581
0.285853
0.346524
0.387840
0.347693
0.366547
0.297554
0.266324
0.266944
0.236073
0.343355
0.344031
0.367629
0.508568
0.244359
0.277726
0.250467
0.251507
0.249176
0.372305
0.363482
0.306963
0.438182
0.400496
0.276197
0.387645
0.289525
0.262424
0.257596
0.436451
0.260186
0.283718
0.266299
0.380952
0.324911
0.426662
0.260351
0.306491
0.317546
0.256581
0.295717
0.462712
0.300666
0.294149
0.309339
0.291099
0.450103
0.360576
0.318279
0.322218
0.261433
0.314975
0.345761
0.445730
0.249448
0.604569
0.265774
0.288897
0.345506
0.252383
0.451893
0.369200
0.231370
0.241624
0.326013
0.281694
0.261979
0.445344
0.583925
0.272556
0.284747
0.478636
0.445024
0.264605
0.358075
0.278971
0.345246
0.342507
0.468637
0.281639
0.356333
0.416174
0.377155
0.497357
0.291297
0.267715
0.278522
0.234241
0.314500
0.319204
0.331408
0.293290
0.513958
0.527942
0.363798
0.323932
0.331435
0.338214
0.342098
0.333612
0.421148
0.286635
0.405458
0.276187
0.318593
0.252391
0.424854
0.242863
0.344993
0.305586
0.345655
0.229203
0.306176
0.281477
0.475991
0.407277
0.417991
0.351256
0.357535
0.393416
0.362553
0.441950
0.318294
0.530826
0.344373
0.292122
0.378220
0.349455
0.315502
0.330261
0.374699
0.324969
0.295790
0.333525
0.283298
0.371912
0.373294
0.431670
0.323428
0.424020
0.301566
0.416377
0.334038
0.346261
0.439438
0.285142
0.279683
0.454132
0.568277
0.399397
0.380648
0.233865
0.272656
0.417080
0.269059
0.242795
0.488534
0.239620
0.371826
0.276350
0.342071
0.317732
0.236491
0.313656
0.315295
0.291401
0.291226
0.278971
0.391464
0.440986
0.295276
0.260191
0.297571
0.310325
0.236419
0.243028
0.386375
0.584298
0.275233
0.279942
0.345765
0.276068
0.300879
0.469436
0.381318
0.329792
0.294609
0.325544
0.330342
0.340479
0.360855
0.366056
0.470238
0.464882
0.377807
0.229759
0.287150
0.356702
0.322594
0.252402
0.312781
0.272231
0.320536
0.483820
0.395885
0.366179
0.278661
0.273318
0.231447
0.278941
0.369039
0.378797
0.239525
0.315814
0.279341
0.451490
0.239079
0.292392
0.369505
0.259119
0.243309
0.416986
0.360420
0.307011
0.263621
0.338975
0.232865
0.331093
0.439116
0.328824
0.281999
0.358917
0.263537
0.359233
0.233703
0.332911
0.251018
0.368328
0.340879
0.283691
0.263649
0.411813
0.235936
0.476484
0.307660
0.336742
0.319061
0.298695
0.314753
0.264045
0.242228
0.269168
0.347638
0.547375
0.233813
0.302814
0.464906
0.359628
0.275194
0.492772
0.254979
0.308188
0.408526
0.242149
0.324381
0.255770
0.443644
0.358968
0.276197
0.459336
0.330384
0.400509
0.334577
0.537554
0.302512
0.245229
0.404483
0.310158
0.354099
0.305008
0.440191
0.331303
0.475113
0.362897
0.327999
0.295895
0.339184
0.483743
0.296345
0.356567
0.336605
0.251158
0.383081
0.348580
0.319405
0.410870
0.247922
0.262845
0.284323
0.379895
0.461223
0.490820
0.371277
0.385996
0.260120
0.278319
0.363273
0.396220
0.381104
0.499350
0.336654
0.275705
0.259581
0.342870
0.328521
0.357365
0.454959
0.256427
0.315352
0.269437
0.247649
0.285759
0.377679
0.334164
0.408826
0.328736
0.388952
0.373261
0.407222
0.337095
0.252149
0.337899
0.477942
0.289316
0.249520
0.279131
0.457899
0.361176
0.286579
0.320230
0.271882
0.421096
0.321516
0.429492
0.391896
0.347420
0.442171
0.342253
0.307162
0.365442
0.301833
0.233133
0.409810
0.403544
0.257905
0.394632
0.275703
0.331714
0.296951
0.333681
0.304327
0.354935
0.419816
0.266322
0.378913
0.249313
0.368112
0.231521
0.315372
0.394805
0.285918
0.427759
0.249744
0.465210
0.299712
0.405927
0.395068
0.245828
0.255132
0.267430
0.284771
0.253518
0.367354
0.458589
0.315558
0.261114
0.232322
0.392945
0.236420
0.245701
0.297243
0.238891
0.374714
0.557005
0.459400
0.238368
0.364625
0.365216
0.318255
0.340460
0.309576
0.298339
0.429603
0.339658
0.305720
0.289915
0.338909
0.392279
0.387544
0.411791
0.270451
0.280768
0.337432
0.318322
0.237371
0.348741
0.406461
0.284186
0.368331
0.285912
0.409946
0.560888
0.496072
0.375510
0.259224
0.326242
0.344114
0.543759
0.289380
0.378912
0.329409
0.372313
0.272220
0.285303
0.412543
0.345881
0.493970
0.315844
0.274887
0.513943
0.434043
0.299965
0.385919
0.375541
0.265954
0.308308
0.343991
0.389669
0.395267
0.431652
0.381508
0.388829
0.298245
0.333784
0.358483
0.229154
0.493768
0.460540
0.542436
0.249580
0.365869
0.358682
0.424008
0.258784
0.428891
0.284669
0.233030
0.371836
0.387796
0.341335
0.305498
0.231424
0.305381
0.416451
0.494531
0.370289
0.229646
0.360590
0.289547
0.358092
0.237429
0.459115
0.457058
0.456388
0.450752
0.255821
0.395722
0.270402
0.358757
0.446890
0.519834
0.317340
0.283498
0.304866
0.258035
0.235027
0.325614
0.302268
0.327282
0.295236
0.286523
0.273689
0.420750
0.291844
0.467028
0.373834
0.247592
0.290900
0.310937
0.270025
0.285673
0.334787
0.468799
0.345859
0.278319
0.494826
0.314944
0.363508
0.270159
0.377046
0.290717
0.430267
0.298233
0.463196
0.288120
0.388114
0.350386
0.449797
0.406117
0.398719
0.252576
0.271852
0.263062
0.326550
0.421761
0.304887
0.263655
0.320289
0.386894
0.319904
0.312209
0.335465
0.477637
0.310316
0.518409
0.344818
0.307055
0.394457
0.384886
0.350910
0.256045
0.254967
0.358894
0.369433
0.312998
0.358740
0.532234
0.372122
0.363774
0.361595
0.288078
0.282084
0.345473
0.262902
0.271558
0.387018
0.357768
0.315291
0.381305
0.398371
0.413397
0.253081
0.235479
0.252093
0.232515
0.264114
0.332174
0.281623
0.260869
0.231537
0.431200
0.417129
0.381868
0.263295
0.400270
0.351693
0.442676
0.229872
0.337463
0.254145
0.391290
0.355991
0.294798
0.362048
0.337672
0.371695
0.333380
0.249376
0.395759
0.239745
0.355774
0.295042
0.277490
0.381743
0.319797
0.420731
0.377419
0.314285
0.324951
0.383003
0.326512
0.485472
0.395679
0.320161
0.440106
0.425880
0.244308
0.406174
0.423635
0.306726
0.391959
0.416126
0.361856
0.256297
0.379578
0.271866
0.435379
0.243094
0.323137
0.464154
0.264933
0.257009
