0.101549
0.130809
0.065612
0.199176
0.196332
0.205606
0.088743
0.136429
0.092843
0.153314
0.170114
0.199372
0.089785
0.206333
0.176907
0.151463
0.053377
0.096277
0.134656
0.144740
0.134666
0.210407
0.086363
0.138592
0.145305
0.187057
0.156290
0.091031
0.118702
0.154838
0.226566
0.108700
0.204473
0.110731
0.165368
0.112881
0.195290
0.094248
0.150477
0.119294
0.159255
0.217290
0.079881
0.099708
0.158735
0.117182
0.129641
0.121187
0.116039
0.140000
0.186914
0.130386
0.143202
0.169534
0.161648
0.206262
0.076157
0.154234
0.173235
0.103649
0.195249
0.164081
0.187594
0.169672
0.141534
0.193210
0.146360
0.150154
0.119951
0.144423
0.137969
0.179997
0.126150
0.119881
0.084104
0.119074
0.116563
0.117885
0.198964
0.151844
0.161998
0.163210
0.156549
0.165566
0.155919
0.103820
0.145578
0.126379
0.100650
0.165520
0.147978
0.150222
0.120971
0.131448
0.111316
0.185343
0.083740
0.070361
0.080857
0.121733
0.141838
0.155461
0.141167
0.175024
0.128606
0.137062
0.140143
0.155467
0.156252
0.132422
0.093888
0.108054
0.078694
0.123399
0.134832
0.177587
0.126884
0.144708
0.093516
0.127209
0.180919
0.155221
0.092054
0.190788
0.143732
0.161556
0.136993
0.155363
0.083362
0.113665
0.149281
0.071624
0.216601
0.102366
0.218932
0.098471
0.159256
0.078988
0.098183
0.142781
0.186497
0.170468
0.167781
0.218504
0.154773
0.227135
0.129563
0.078362
0.130251
0.172788
0.158735
0.114123
0.124401
0.136712
0.141355
0.147404
0.216003
0.176164
0.121671
0.143258
0.173803
0.186184
0.183951
0.119694
0.106245
0.151377
0.106825
0.137209
0.217957
0.106241
0.112879
0.079327
0.063774
0.128709
0.103400
0.178974
0.145543
0.197400
0.109938
0.193966
0.084889
0.146810
0.224066
0.181854
0.165284
0.224933
0.111188
0.156768
0.193142
0.169209
0.133707
0.114368
0.194346
0.124189
0.194302
0.113170
0.141065
0.135313
0.183695
0.124546
0.118979
0.168430
0.223450
0.102428
0.211574
0.167904
0.147363
0.105325
0.202824
0.075333
0.179049
0.095692
0.201921
0.126799
0.206289
0.160046
0.133834
0.226262
0.161186
0.187138
0.151768
0.170455
0.114885
0.228499
0.127178
0.183087
0.119674
0.117423
0.171094
0.197753
0.186427
0.140332
0.152181
0.098890
0.127949
0.208868
0.099374
0.162629
0.089970
0.167177
0.102685
0.110408
0.165352
0.193326
0.104020
0.062651
0.068241
0.165238
0.097587
0.140994
0.102018
0.184074
0.139469
0.166037
0.190623
0.071738
0.166340
0.097637
0.114132
0.192947
0.137617
0.199243
0.225383
0.135431
0.114511
0.149182
0.132295
0.097200
0.082001
0.158959
0.164752
0.130912
0.055279
0.143175
0.125376
0.161464
0.126897
0.117877
0.209876
0.114340
0.073187
0.130157
0.076481
0.110195
0.212424
0.197271
0.162619
0.074919
0.149496
0.170431
0.114688
0.185158
0.070244
0.051943
0.106115
0.108481
0.135302
0.057103
0.080920
0.192706
0.183501
0.123129
0.088165
0.158216
0.166135
0.145584
0.135134
0.175162
0.095020
0.135941
0.129959
0.137923
0.168373
0.201989
0.120284
0.189799
0.137488
0.102128
0.108873
0.092247
0.190399
0.152621
0.135104
0.126872
0.096431
0.139119
0.161348
0.048594
0.116323
0.139467
0.218212
0.086469
0.110340
0.084379
0.225538
0.124752
0.080876
0.092888
0.069036
0.187424
0.187956
0.079265
0.149388
0.160862
0.102530
0.110467
0.212898
0.157965
0.197825
0.162267
0.196323
0.152708
0.163385
0.122556
0.090469
0.114023
0.135097
0.142608
0.138162
0.146226
0.225326
0.144238
0.204924
0.217902
0.185192
0.130776
0.130755
0.195732
0.175519
0.144420
0.136554
0.155104
0.182126
0.219489
0.124975
0.085429
0.197800
0.151614
0.191739
0.151141
0.064347
0.150441
0.127328
0.125675
0.176299
0.174737
0.144086
0.115792
0.105523
0.132865
0.185921
0.075008
0.156336
0.157224
0.092538
0.078491
0.103525
0.200752
0.133306
0.097276
0.210404
0.088901
0.075342
0.133010
0.071424
0.222508
0.068105
0.100926
0.186671
0.147448
0.154514
0.101835
0.164493
0.118748
0.195707
0.083398
0.133196
0.087925
0.084375
0.099252
0.176091
0.070347
0.202491
0.115225
0.150129
0.203455
0.087869
0.076647
0.110042
0.196184
0.054561
0.126520
0.084359
0.206791
0.130031
0.116244
0.182141
0.155649
0.070461
0.150201
0.094829
0.158381
0.131805
0.166830
0.075528
0.194744
0.068591
0.145726
0.128780
0.165830
0.163937
0.154779
0.105169
0.193888
0.165654
0.156971
0.115323
0.143969
0.078404
0.141654
0.104600
0.143864
0.101538
0.170219
0.202965
0.117606
0.143872
0.184781
0.159540
0.173212
0.146326
0.146077
0.155541
0.174335
0.133039
0.220502
0.159503
0.152406
0.176821
0.181739
0.087993
0.168636
0.193211
0.186737
0.214535
0.145260
0.197572
0.111958
0.089457
0.113341
0.113283
0.143553
0.189766
0.104621
0.046884
0.170906
0.178809
0.155914
0.153094
0.133764
0.096789
0.149525
0.144131
0.176151
0.178379
0.223869
0.152598
0.139352
0.117280
0.172872
0.177454
0.203242
0.169130
0.221478
0.193728
0.141022
0.153031
0.114543
0.095364
0.132847
0.167234
0.169896
0.122452
0.144410
0.060968
0.184211
0.102608
0.172768
0.094586
0.143109
0.108212
0.211703
0.075025
0.120047
0.109646
0.180648
0.071979
0.210290
0.143386
0.151057
0.068262
0.126486
0.179900
0.098321
0.147352
0.128207
0.174215
0.130736
0.209373
0.073856
0.106275
0.109007
0.151448
0.080463
0.137582
0.136721
0.187704
0.164078
0.200557
0.087618
0.155820
0.206450
0.126630
0.103816
0.110701
0.122891
0.132940
0.226063
0.188791
0.094350
0.133223
0.209472
0.138527
0.163966
0.136433
0.195544
0.180220
0.136520
0.084209
0.113676
0.164965
0.202301
0.113813
0.115517
0.165546
0.156160
0.158910
0.159709
0.167665
0.198929
0.177748
0.151213
0.100339
0.120836
0.129261
0.143102
0.089030
0.165946
0.200294
0.122948
0.144875
0.227144
0.062727
0.125970
0.195177
0.197401
0.221569
0.110586
0.169446
0.226252
0.174981
0.193946
0.149999
0.104838
0.170389
0.126114
0.075479
0.172184
0.110451
0.170027
0.144966
0.174089
0.128091
0.207694
0.073519
0.198758
0.098257
0.137663
0.188594
0.072396
0.120362
0.121945
0.161545
0.136082
0.225895
0.218210
0.208901
0.164347
0.098762
0.178540
0.154045
0.180151
0.081955
0.079528
0.182964
0.067804
0.097071
0.107438
0.146728
0.165923
0.172630
0.084905
0.142797
0.163051
0.210800
0.141176
0.107528
0.084447
0.166072
0.163724
0.071077
0.122394
0.185364
0.167648
0.154873
0.137407
0.110492
0.179549
0.194522
0.160895
0.216307
0.142574
0.169628
0.120435
0.107948
0.191779
0.081716
0.092623
0.166626
0.181776
0.201287
0.148300
0.151735
0.104935
0.153560
0.174322
0.108814
0.203910
0.140677
0.157326
0.144224
0.102104
0.219705
0.195936
0.208174
0.189033
0.190415
0.138175
0.186556
0.187570
0.202629
0.193822
0.145586
0.169449
0.073581
0.151251
0.131967
0.135088
0.069835
0.169007
0.194650
0.205284
0.187125
0.101257
0.224720
0.222456
0.112418
0.163616
0.188567
0.167856
0.182485
0.118499
0.095022
0.197922
0.114840
0.206194
0.160816
0.156343
0.160043
0.164755
0.197315
0.103962
0.131355
0.076030
0.181874
0.127943
0.074923
0.076309
0.193828
0.098430
0.176138
0.078678
0.069399
0.216327
0.135992
0.191953
0.137550
0.106002
0.085788
0.096374
0.197417
0.168074
0.139834
0.178558
0.212004
0.079231
0.084755
0.115160
0.158893
0.112894
0.107255
0.111706
0.120579
0.179784
0.210908
0.121851
0.121482
0.156860
0.129036
0.093947
0.110861
0.158662
0.135834
0.183951
0.134825
0.155795
0.169280
0.077575
0.192783
0.206943
0.083808
0.080583
0.168651
0.132632
0.128750
0.219235
0.146138
0.173479
0.186548
0.226510
0.168854
0.051797
0.164562
0.201030
0.177683
0.181842
0.105670
0.176497
0.093283
0.077817
0.199905
0.145093
0.095354
0.125920
0.196081
0.097931
0.132928
0.206702
0.138686
0.129290
0.138788
0.214463
0.179336
0.187822
0.126711
0.218752
0.128861
0.201292
0.121213
0.136228
0.223822
0.079260
0.192735
0.072379
0.164022
0.079755
0.155912
0.122162
0.187723
0.187196
0.219874
0.094222
0.098289
0.079723
0.170927
0.155368
0.161031
0.162253
0.157452
0.222199
0.139481
0.112028
0.186861
0.128487
0.182031
0.135958
0.105883
0.111872
0.201764
0.125141
0.193260
0.155298
0.154889
0.122828
0.157491
0.078861
0.210040
0.205707
0.137987
0.200406
0.080745
0.109427
0.170213
0.146153
0.156817
0.146425
0.071482
0.173147
0.146044
0.200997
0.132334
0.150667
0.155597
0.184325
0.109489
0.067546
0.098628
0.154131
0.217461
0.149918
0.114267
0.176366
0.093746
0.090227
0.138590
0.123654
0.162653
0.161536
0.187444
0.202385
0.141486
0.210241
0.129089
0.125032
0.194358
0.139136
0.149660
0.184959
0.110228
0.168888
0.074812
0.187942
0.092018
0.193584
0.140450
0.207612
0.130852
0.174905
0.130662
0.099090
0.171057
0.097913
0.145068
0.125583
0.054050
0.200849
0.119745
0.124563
0.188591
0.146326
0.103870
0.185392
0.188580
0.074492
