4.382001 -1.319999 0.395600
-7.703999 -7.245999 -1.107500
1.706001 1.584001 1.645300
9.566001 -7.349999 2.429900
15.470001 1.384001 3.063900
17.104001 -16.530000 2.629200
-4.727999 -4.757999 0.036700
3.600001 7.684001 1.186200
9.684001 -2.729999 3.044500
4.632001 2.768001 -1.619700
13.070001 4.330001 2.210100
17.120001 -8.547999 1.982000
14.976001 -5.397999 -2.020900
12.426001 -15.041999 -2.562200
11.912001 0.174001 1.699900
14.832001 15.230001 -1.681300
15.700001 4.428001 0.686600
16.508001 -7.925999 -2.850600
14.752001 -7.907999 -0.680200
11.690001 -10.539999 1.729800
14.716001 -2.221999 0.471400
17.916001 6.188001 1.253900
20.676001 3.646001 0.073400
17.020001 14.308001 -0.072600
15.442001 -14.791999 2.214100
0.082001 -3.389999 -0.844400
4.546001 -6.003999 0.580600
8.076001 -3.871999 1.479600
15.256001 2.388001 -2.878300
18.200001 5.402001 1.861900
5.890001 -6.199999 1.360700
-4.289999 -2.109999 -1.731700
3.006001 -5.329999 0.758900
9.956001 0.578001 -1.634600
1.530001 -4.203999 -3.113900
20.942001 -1.143999 0.228100
13.286001 -12.281999 -2.056000
11.914001 -9.207999 0.415300
10.744001 -19.002000 0.639300
14.794001 7.988001 2.056300
-3.043999 -2.135999 -2.753700
9.250001 -5.869999 2.744900
-1.635999 -3.461999 -1.624600
-2.841999 5.466001 -1.850300
19.134001 -6.467999 -1.047400
4.342001 -3.073999 -2.586100
-2.349999 -2.067999 0.388200
9.250001 -4.483999 -0.860200
3.586001 -3.307999 0.563300
13.896001 -18.488000 -1.530700
-1.119999 -5.901999 1.892100
13.202001 -11.459999 -1.447100
14.740001 7.760001 -0.296800
15.196001 -2.129999 -0.869300
-3.625999 -4.675999 0.893100
15.650001 3.626001 1.169600
-6.439999 -0.261999 -1.577100
16.330001 -13.251999 -1.128000
15.350001 -1.255999 -0.685100
3.260001 -4.479999 -1.885700
7.350001 1.474001 0.615800
13.066001 -18.454000 3.012400
3.634001 0.694001 1.900600
12.758001 -7.613999 -2.969700
14.656001 6.254001 2.490900
12.548001 -19.818000 -3.026100
5.714001 -5.597999 0.599500
18.256001 0.996001 1.039000
-4.783999 -2.677999 -2.588100
14.226001 -12.505999 0.225600
11.040001 -13.883999 2.965700
17.354001 -14.009999 -2.571600
6.854001 -5.893999 3.044400
17.148001 4.846001 1.866400
3.374001 -1.813999 1.437800
8.630001 0.990001 2.497600
9.812001 3.168001 -0.179500
21.188001 -5.963999 2.586000
21.848001 -0.467999 1.887000
18.546001 -18.340000 1.409500
9.178001 3.508001 1.346700
15.296001 -8.485999 -2.838900
20.632001 9.268001 -2.279100
-6.489999 -5.093999 0.209000
0.144001 -3.045999 0.492200
18.224001 -19.170000 1.198200
-6.737999 -7.163999 -1.186400
13.074001 -15.005999 2.800400
12.490001 5.024001 -0.883500
16.160001 -1.909999 -1.079200
19.308001 -1.917999 -2.064900
11.238001 -2.879999 -1.701100
13.832001 -5.919999 -2.427700
18.786001 -0.407999 -2.684300
15.276001 2.678001 2.135000
13.826001 -17.428000 -0.838400
19.410001 6.068001 -0.402200
15.144001 7.050001 -1.846900
14.668001 -19.550000 2.102100
21.984001 -6.489999 -1.668100
10.484001 -0.349999 -0.560900
13.300001 14.460001 0.274500
13.476001 -17.156000 0.957900
14.402001 -7.577999 1.881700
16.914001 10.634001 0.489200
0.978001 -2.491999 -0.412300
0.408001 0.486001 0.418900
14.302001 -19.620000 -2.322700
-2.801999 -0.193999 -2.754200
11.070001 -14.551999 2.567900
9.948001 3.612001 2.265000
18.256001 -7.983999 -0.909100
9.466001 -6.713999 0.926000
1.828001 -0.367999 1.695600
1.294001 -0.937999 2.488500
5.884001 -6.929999 -2.397200
1.726001 -5.615999 -1.243300
17.284001 -11.423999 2.762600
17.142001 7.722001 -2.197800
3.096001 -3.999999 -0.535500
13.260001 14.838001 -0.591800
3.758001 3.512001 -2.539800
10.690001 -1.579999 -1.374700
0.172001 -6.319999 -0.443100
15.002001 -14.475999 -2.268700
4.652001 1.674001 1.202300
16.746001 5.554001 0.847200
19.084001 8.062001 -0.899100
19.100001 6.432001 -0.991900
11.544001 -12.749999 -0.424500
16.542001 6.018001 2.307900
12.266001 -17.120000 -1.160200
19.508001 0.548001 -2.834700
-1.529999 7.108001 -2.469800
21.034001 -19.884000 -0.152500
14.752001 -9.875999 0.046400
9.006001 -0.053999 1.315800
-0.995999 0.326001 0.741200
11.326001 -14.223999 -2.413200
16.138001 10.132001 0.372100
11.340001 -19.236000 1.219600
21.790001 1.876001 2.063900
9.176001 1.330001 0.083100
9.558001 -1.995999 -3.013700
-0.929999 6.906001 2.277400
0.934001 7.552001 -1.854100
14.924001 -9.535999 -1.599100
-2.487999 4.886001 2.089600
20.548001 4.718001 -0.677300
18.964001 -7.653999 -1.534900
10.210001 -7.775999 -2.278600
-1.159999 -0.403999 -1.904500
19.352001 8.806001 0.393700
15.344001 5.596001 1.421100
17.438001 -14.107999 3.128300
-5.095999 -1.719999 -1.761700
11.288001 -6.139999 3.127500
15.412001 13.300001 -2.400900
-6.381999 -5.111999 -1.746600
-6.419999 -7.827999 2.132300
8.634001 -4.333999 -1.369500
22.000001 6.308001 2.491500
11.648001 -19.750000 1.839800
11.714001 -2.227999 -1.201400
7.114001 -3.135999 0.274700
-5.669999 -8.037999 1.663400
0.234001 -1.941999 2.889100
17.014001 -14.657999 1.017100
11.758001 4.452001 1.103400
18.764001 8.994001 1.316200
17.542001 8.602001 0.349500
10.918001 0.432001 2.615800
1.316001 1.476001 3.135700
-2.473999 3.592001 2.626400
12.638001 -19.104000 0.434100
1.388001 -6.057999 -2.266200
13.424001 1.818001 -1.003500
4.856001 5.656001 0.198700
18.428001 -12.089999 -0.661100
17.894001 11.368001 -2.984300
19.140001 -1.253999 -1.984600
-5.243999 -4.653999 -0.137100
5.856001 5.642001 3.112085
19.488001 5.996001 0.690200
13.278001 -5.209999 -1.059600
14.714001 -8.587999 2.005300
15.768001 6.174001 0.170900
9.628001 -3.623999 -0.976900
17.836001 6.752001 3.040900
17.664001 13.108001 -2.395700
16.228001 -14.535999 -0.570700
12.650001 -13.757999 0.609600
13.582001 -15.131999 1.259100
8.602001 2.934001 2.337400
12.072001 -16.922000 -2.097800
1.322001 4.024001 -1.668600
20.648001 -6.113999 1.243300
5.010001 -3.461999 -2.961700
7.300001 -7.475999 -2.377900
15.456001 -10.701999 -1.492900
14.868001 2.056001 -1.081400
18.426001 -16.192000 0.445600
17.360001 -16.994000 2.239000
13.006001 -4.045999 3.071600
17.230001 -0.273999 2.722500
8.200001 -2.177999 -2.397300
13.148001 -10.349999 2.314500
-2.291999 -0.533999 -2.555300
17.750001 -19.738000 -2.033900
-1.645999 -0.247999 -1.334100
14.368001 -9.137999 -2.633800
13.374001 -20.636000 2.711600
-0.337999 1.286001 0.286500
21.112001 1.408001 -1.894100
17.214001 -13.637999 2.495500
-7.295999 0.052001 -2.651500
-1.021999 6.660001 -0.791900
11.984001 -1.161999 -2.830000
19.932001 11.388001 -0.479100
11.304001 3.290001 2.991000
5.108001 0.418001 -0.159400
16.230001 12.854001 -0.629800
13.976001 -14.125999 -2.270500
15.154001 16.524001 -0.186300
19.152001 1.028001 1.101400
8.864001 -8.143999 -2.995000
15.696001 -16.083999 1.883700
18.606001 -0.147999 -2.498400
10.810001 -2.877999 -0.522700
2.062001 -4.023999 -2.415400
4.146001 7.448001 -0.837100
19.688001 1.176001 0.969600
18.114001 3.882001 1.084900
9.740001 2.328001 -2.665500
5.766001 2.824001 -0.205100
13.412001 -4.151999 2.957300
10.440001 -2.825999 -2.717200
17.762001 -17.012000 -0.458100
15.330001 -18.754000 -2.425600
-0.545999 1.096001 -2.057100
11.324001 -1.449999 -1.769000
18.490001 -19.160000 -0.430100
-1.945999 4.638001 0.678100
14.076001 -7.101999 0.416600
5.162001 -6.803999 2.678900
-1.029999 -1.111999 0.732700
9.334001 1.550001 -2.883700
-0.061999 -2.949999 -1.393500
-1.371999 -2.401999 -0.016400
10.890001 -2.971999 2.573700
14.846001 -6.651999 0.907600
4.050001 1.558001 -1.352000
16.814001 7.760001 -0.435000
21.708001 -5.985999 -2.668800
12.688001 -19.890000 2.965600
0.388001 1.222001 2.758600
5.842001 1.612001 -1.282200
1.306001 -7.697999 2.050500
16.568001 6.052001 0.933700
15.748001 7.276001 2.550900
-0.527999 -5.647999 -0.713100
18.442001 -17.022000 -0.223900
12.026001 -13.095999 0.487000
-7.321999 -1.433999 -0.088500
-7.389999 -0.087999 2.069100
15.258001 1.740001 0.495300
15.918001 -13.423999 0.357300
-1.181999 -7.199999 2.886300
14.972001 -15.931999 -0.344900
19.768001 7.768001 -2.519000
-1.163999 -1.219999 1.219000
14.920001 -20.200000 0.691500
-1.135999 -7.597999 2.017200
4.046001 -1.751999 -1.652100
3.136001 5.780001 -2.976100
7.386001 0.256001 -0.080000
16.434001 4.642001 2.378100
18.586001 -7.511999 -2.791400
15.858001 -16.045999 -0.113800
-3.227999 -2.561999 -2.018800
3.010001 0.972001 -2.585200
15.326001 5.334001 1.671200
8.422001 2.894001 -0.209400
-3.815999 3.796001 0.250000
15.704001 13.258001 0.037500
18.436001 -7.853999 -2.411100
10.594001 2.078001 -1.818400
9.796001 -1.801999 0.306400
15.104001 -7.015999 -2.740900
3.556001 1.384001 -1.687400
4.946001 5.144001 1.856900
18.638001 7.056001 -2.395500
-3.825999 -1.159999 -1.398100
-3.431999 -0.531999 0.249500
-1.539999 -2.781999 1.362300
1.664001 6.852001 2.724800
11.326001 5.110001 1.173600
11.840001 -6.969999 1.532500
-1.445999 -6.643999 0.825300
18.088001 6.180001 -0.929200
4.466001 1.296001 1.923900
-6.409999 -7.473999 -0.431700
16.174001 -9.679999 0.269500
18.784001 -2.361999 -1.051500
15.608001 -18.458000 -3.113400
11.310001 -6.413999 1.408200
20.910001 6.446001 -0.306700
3.628001 1.344001 0.991200
-3.761999 -6.217999 2.384700
14.270001 -12.379999 -0.690400
20.032001 -18.192000 1.348300
18.606001 0.094001 1.841900
15.364001 15.724001 -1.857100
12.862001 -15.878000 1.907900
17.252001 4.656001 -0.327300
2.438001 6.752001 0.091000
10.302001 -4.143999 0.365800
18.550001 -6.177999 2.607400
1.064001 -4.041999 -1.452600
0.570001 1.084001 0.289900
15.920001 -19.002000 1.799400
6.620001 5.494001 -3.062600
7.168001 0.724001 -2.307900
-0.875999 -1.387999 1.116800
-2.645999 -8.171999 -1.021500
21.342001 -5.625999 1.884600
18.488001 -12.249999 -0.247300
-6.039999 -0.347999 1.304100
15.364001 -5.737999 1.834800
1.404001 1.104001 1.224100
19.354001 6.524001 2.433700
4.616001 6.868001 2.416600
16.428001 14.960001 -2.836400
-0.053999 -2.845999 0.591300
0.950001 -0.081999 -2.273000
3.838001 6.280001 1.931000
16.960001 8.894001 0.942900
12.916001 -4.523999 2.756800
7.700001 -0.727999 1.505500
14.098001 5.484001 -0.278100
9.846001 -1.145999 -2.702700
1.180001 -4.613999 0.768800
12.430001 -18.446000 1.654700
14.186001 -13.823999 -2.857100
6.230001 -6.037999 2.239100
15.134001 -8.181999 0.427000
6.788001 -4.173999 0.662900
4.022001 0.178001 1.740300
11.166001 4.046001 -1.000800
-3.197999 -5.261999 -1.206300
16.806001 -17.002000 1.992600
14.050001 -7.539999 1.826300
-5.637999 -1.375999 -0.365500
11.694001 -4.509999 2.444800
-4.823999 -3.011999 -3.113700
13.304001 -15.979999 -0.018000
6.210001 3.102001 1.744300
-0.041999 -6.841999 1.205400
3.530001 6.856001 2.553500
10.316001 -3.693999 -1.441600
-1.539999 1.330001 -0.770600
5.464001 -7.521999 -0.700900
-0.217999 -6.715999 -1.850100
8.100001 3.250001 0.116300
5.478001 -3.363999 -1.676700
-3.747999 -1.963999 0.207300
4.192001 -4.101999 -2.679700
-1.691999 -4.025999 -1.684400
16.582001 -13.109999 1.105500
19.238001 7.338001 0.623600
1.814001 7.448001 1.521800
15.492001 -14.425999 -0.170700
1.612001 -3.285999 0.964300
-4.387999 -7.185999 1.932300
14.814001 -8.865999 0.968700
20.708001 6.846001 2.488100
21.038001 2.228001 0.698800
17.388001 -4.251999 1.635700
11.354001 -5.331999 -2.257700
4.514001 6.202001 1.520200
0.044001 6.544001 1.911900
1.714001 7.436001 2.730600
22.604001 -0.201999 -2.356800
6.864001 0.226001 -0.864900
8.582001 2.334001 -2.303700
-2.361999 2.062001 0.948400
14.574001 -1.275999 -1.150300
15.820001 1.218001 0.102400
4.782001 -0.705999 -2.608700
-1.455999 6.196001 1.984900
-2.565999 7.110001 -1.059800
12.618001 -5.215999 -0.197700
1.004001 1.854001 -2.569200
14.784001 14.134001 -2.196600
21.562001 -0.233999 2.183600
17.222001 2.550001 -1.568800
15.538001 -8.651999 -2.561300
17.110001 -13.327999 1.493700
13.978001 -6.115999 1.725400
5.752001 1.796001 -2.110400
17.926001 6.658001 -1.230800
-0.991999 0.996001 -2.385800
17.978001 -17.450000 0.750400
7.220001 -3.997999 0.446000
1.486001 5.668001 -2.887600
14.840001 -0.001999 2.789200
17.338001 -19.118000 0.454500
19.618001 -2.439999 -2.302800
14.076001 1.126001 -0.579100
0.484001 -5.433999 1.953300
16.250001 -11.705999 -0.867600
14.260001 13.576001 -3.077700
4.980001 0.748001 0.836200
4.138001 4.364001 2.071400
0.464001 -3.385999 0.475500
12.870001 -10.267999 0.509500
5.772001 -1.441999 -1.804700
5.800001 3.440001 -2.026600
11.574001 -19.512000 2.127000
18.364001 5.408001 -0.305500
10.390001 0.956001 -2.748800
15.210001 -17.600000 0.286500
-2.587999 7.556001 3.100300
1.628001 -2.755999 -1.676300
6.220001 -2.651999 -1.353500
8.144001 -3.573999 1.802500
15.118001 1.474001 -0.592700
11.178001 -0.077999 2.508200
19.906001 -3.557999 1.990700
20.426001 1.610001 0.437800
1.048001 -0.869999 2.968200
16.282001 -12.139999 -1.595600
-1.999999 -6.867999 -1.125900
21.442001 0.318001 -2.150500
-7.057999 -4.185999 1.714400
20.138001 7.412001 -1.156700
-0.925999 0.426001 -1.253300
9.622001 -1.515999 2.626200
16.866001 11.160001 -0.997500
13.820001 13.934001 -2.170800
11.320001 -2.551999 -2.027300
-2.777999 -1.881999 0.378600
5.550001 -2.045999 1.603600
15.596001 -10.573999 0.734000
15.470001 15.024001 -0.133500
10.716001 -3.649999 -0.583500
13.140001 0.180001 -1.336300
13.854001 11.596001 2.746600
-6.437999 -2.401999 3.131485
15.418001 15.330001 -1.962800
-3.589999 -3.339999 0.473300
13.564001 -6.789999 -2.352400
18.972001 -2.621999 -1.795500
14.524001 -10.971999 2.789100
1.200001 0.102001 1.756600
20.030001 1.628001 -1.218900
4.602001 7.176001 -0.308500
2.278001 -1.931999 2.802700
19.164001 1.564001 -1.942200
14.442001 -0.587999 -2.484500
0.840001 6.102001 0.754900
1.424001 -3.895999 -1.803300
15.760001 -15.213999 -1.232100
4.036001 0.212001 0.442900
16.674001 -14.603999 -1.419900
14.550001 -8.283999 -0.384100
18.198001 3.996001 -0.971100
14.218001 6.800001 0.331000
23.480001 0.676001 -0.108000
15.304001 -13.421999 2.416700
9.864001 0.330001 2.718100
2.646001 -7.191999 -1.137400
3.626001 -6.535999 -0.002100
14.922001 -18.246000 -0.381100
6.504001 -3.381999 -2.910300
13.602001 14.150001 -0.016400
13.844001 15.670001 -0.425600
-3.461999 -5.251999 1.254600
11.440001 -15.079999 2.683300
0.312001 -0.579999 -2.143400
10.588001 3.142001 -2.170000
-1.591999 5.088001 -1.907500
18.726001 2.352001 0.468100
17.578001 14.060001 -0.653000
3.232001 2.450001 -2.908100
-0.815999 -5.685999 1.135800
13.472001 -10.251999 2.783600
11.280001 -12.761999 -2.143500
14.144001 -5.927999 2.983400
17.256001 -10.483999 2.405100
-0.433999 -7.169999 2.581700
8.468001 -1.447999 1.010300
2.254001 -4.579999 0.563300
4.616001 3.848001 -0.458800
2.562001 -1.009999 -0.678100
12.114001 -17.588000 -0.377700
21.696001 -19.888000 0.436100
9.942001 -5.957999 0.157600
13.886001 5.034001 1.956100
14.640001 3.656001 2.365100
18.364001 -8.729999 3.057900
-2.345999 1.970001 1.829900
11.716001 2.414001 -2.001700
-6.279999 -3.131999 1.705900
-6.211999 -5.757999 -0.115200
3.266001 -0.227999 -0.542800
11.916001 -14.879999 -2.997900
12.022001 -17.052000 1.324900
-0.437999 -0.387999 1.936900
17.330001 -17.968000 2.543200
11.484001 1.122001 1.618400
4.076001 4.790001 -0.980700
-0.169999 -0.815999 -2.452200
4.412001 7.650001 -3.124785
0.690001 -2.395999 -2.959900
-3.319999 7.118001 1.243900
15.502001 -8.781999 -0.274500
17.818001 4.230001 0.507900
1.256001 -4.459999 1.685200
12.530001 -6.069999 -2.985300
-2.719999 3.074001 -0.625200
-3.179999 3.858001 -3.053200
2.818001 -1.179999 -2.938700
16.954001 7.200001 -0.695300
15.620001 -12.027999 -1.843000
12.252001 -2.053999 -2.443000
10.242001 -4.215999 1.073200
21.622001 -6.825999 -1.813500
11.274001 -10.127999 -2.015200
17.494001 10.250001 0.567400
-3.347999 -0.039999 -1.571600
-2.281999 -6.093999 2.956600
-2.463999 -7.243999 -2.822200
1.790001 0.958001 -2.276400
6.134001 -5.229999 3.105800
-1.201999 1.430001 2.759000
10.066001 0.440001 1.216100
-1.743999 1.286001 0.045700
4.068001 -3.403999 0.300100
11.790001 -0.217999 2.215000
-5.817999 -3.115999 -2.627600
9.592001 3.424001 -1.085400
1.578001 0.682001 -1.670300
10.648001 -5.843999 2.136200
15.222001 4.244001 -1.180400
20.824001 -6.005999 -0.304700
17.064001 -8.211999 -0.902700
16.246001 -11.933999 1.024600
8.152001 -6.731999 1.198600
1.424001 -5.449999 -2.620600
9.592001 -4.041999 -1.581100
18.958001 -3.615999 -0.182200
0.828001 -4.883999 -1.095800
0.986001 4.362001 3.021500
12.304001 15.480001 -2.286500
12.442001 -17.160000 1.338100
14.932001 -7.319999 1.926100
13.602001 -17.034000 2.967100
18.926001 -21.014000 -2.222100
20.202001 0.348001 1.233600
-2.723999 -1.801999 -1.216500
19.872001 6.744001 -3.041700
17.556001 -18.838000 -0.206400
5.444001 3.922001 -1.731900
14.720001 11.204001 0.493800
14.874001 -8.897999 -2.608300
12.872001 -18.694000 2.830700
14.714001 -14.159999 -1.401000
15.322001 2.750001 0.699900
12.040001 2.876001 -2.726200
17.932001 10.404001 -2.277800
7.050001 -7.103999 -0.753900
10.942001 -1.545999 -0.363600
15.772001 9.000001 -1.958500
-1.293999 3.540001 -0.127000
9.544001 -0.087999 -1.005000
2.036001 -5.687999 0.778700
9.506001 -4.553999 -2.717800
-2.353999 -1.725999 2.675000
20.644001 0.340001 -2.020100
-6.355999 -1.507999 -1.444700
18.736001 10.100001 0.396600
12.816001 -7.205999 -1.942900
15.708001 -13.637999 2.082200
11.898001 -18.936000 3.088200
18.304001 -3.667999 -1.695900
16.108001 -11.159999 -2.050600
15.120001 4.834001 0.001700
16.154001 -20.498000 1.320700
18.322001 -8.133999 -1.067900
13.528001 -13.293999 -2.110800
6.322001 -5.357999 1.120100
18.898001 -20.186000 -1.632700
17.730001 0.888001 0.189300
14.404001 7.240001 -0.164500
-2.237999 -2.563999 -2.931700
13.584001 -5.137999 -1.538100
-4.387999 -2.979999 -1.371700
6.918001 -3.227999 -2.766800
-2.097999 -5.877999 0.250000
10.758001 -3.057999 0.050700
-0.087999 1.126001 -0.131300
-5.597999 -4.267999 2.414700
-1.087999 -5.771999 3.136685
4.642001 6.278001 -0.843100
16.220001 14.350001 1.652800
13.484001 -7.605999 -0.253100
21.904001 -0.873999 -2.836200
11.712001 -12.451999 0.827000
10.560001 -0.529999 1.069100
12.876001 -13.749999 -0.817800
18.778001 10.128001 0.464100
8.756001 -1.721999 2.655000
15.130001 -19.292000 2.598400
-2.717999 6.464001 -0.474200
6.790001 -1.225999 -2.355800
15.450001 1.940001 -1.673200
11.176001 -13.511999 1.720200
-4.929999 -3.063999 -0.072800
22.728001 0.856001 -2.056400
17.796001 -16.888000 -1.841900
3.704001 -7.183999 2.376100
20.084001 -3.191999 1.665800
-1.841999 7.618001 2.023800
-0.251999 6.772001 0.737700
4.308001 -5.781999 3.103400
9.952001 -1.541999 -0.658800
8.260001 -6.537999 -0.088500
2.260001 -2.077999 -1.328200
2.380001 -0.783999 1.632000
11.588001 -18.448000 -1.764700
16.784001 -14.557999 -1.260900
11.954001 16.054001 -0.767000
-2.549999 -7.245999 -0.711300
22.412001 0.080001 -0.237200
5.712001 -5.127999 2.802400
13.904001 -6.261999 2.544800
1.436001 -0.511999 -0.064300
13.624001 -7.379999 0.651800
8.210001 -6.483999 0.835800
13.652001 14.888001 -0.272200
15.834001 5.616001 -0.946700
-1.799999 -3.797999 -1.755800
0.774001 -0.321999 -1.273100
13.324001 5.200001 2.621600
0.276001 -0.861999 -1.936100
16.108001 6.030001 -0.086800
13.442001 -2.631999 2.390000
5.830001 -6.401999 -2.914400
17.730001 -14.211999 -1.163100
3.712001 -4.407999 0.357100
19.702001 -6.629999 -1.142300
17.614001 6.722001 -1.575500
-7.643999 -7.913999 0.341100
-5.413999 -1.749999 2.750400
1.976001 -1.301999 -3.086385
11.850001 -5.127999 -1.112900
14.620001 -14.571999 -2.272300
9.034001 -5.729999 -0.220600
18.744001 8.244001 -1.032200
-5.331999 -4.023999 1.439300
-6.827999 -2.973999 -0.280500
13.500001 0.276001 0.134700
6.562001 -2.919999 1.501700
20.490001 -1.607999 2.104100
18.430001 -3.887999 -0.788400
13.498001 -13.319999 1.569300
12.070001 -3.009999 0.158300
-0.723999 -6.161999 0.997800
5.572001 4.228001 -0.090900
18.232001 -20.322000 1.455000
-3.159999 3.594001 2.896400
2.444001 -4.435999 2.412900
18.170001 6.852001 -2.884100
1.008001 -6.947999 2.402100
11.826001 -0.707999 -1.168900
20.030001 5.022001 1.594900
-3.697999 4.970001 -1.814300
9.716001 -3.075999 2.086500
12.716001 -21.138000 2.533500
1.828001 7.914001 -3.047000
14.922001 12.106001 1.057600
0.000001 -6.439999 -2.920100
13.944001 -15.903999 1.399000
14.228001 5.778001 2.760800
11.528001 1.458001 1.556400
19.174001 2.152001 2.417300
3.330001 -1.903999 -1.253700
-1.987999 6.876001 1.514200
20.864001 -6.587999 -0.827100
9.686001 1.128001 -1.477500
18.218001 7.442001 2.588900
2.748001 -3.033999 1.127300
20.422001 0.868001 0.522400
1.600001 3.298001 -2.775800
-3.773999 2.638001 1.320700
8.046001 -5.305999 2.485600
1.926001 -6.371999 2.027300
20.052001 1.552001 2.275500
17.054001 -13.619999 1.356500
4.276001 4.452001 -0.994000
0.764001 -3.021999 0.357500
15.102001 16.140001 -2.698500
16.468001 -14.047999 1.995600
12.482001 -8.965999 1.290000
-6.779999 -4.021999 -0.036600
3.324001 1.376001 2.238500
11.514001 -9.975999 2.158200
2.774001 -0.995999 -2.234500
-0.185999 0.234001 2.525900
1.620001 -3.625999 -1.088000
15.568001 4.698001 -2.704400
13.564001 -4.809999 -1.939800
-7.239999 -6.359999 -0.690000
16.372001 -12.457999 1.208300
5.340001 -0.975999 -1.240800
14.546001 13.402001 0.198100
15.260001 -13.277999 3.045100
14.046001 -11.101999 -0.302200
6.394001 3.392001 2.454200
20.026001 -6.533999 -1.729500
3.814001 -7.303999 0.365800
11.852001 -3.461999 2.431400
7.114001 2.852001 -1.017400
5.332001 0.580001 2.660300
0.406001 -2.827999 0.801900
5.286001 -4.439999 0.906600
21.462001 1.244001 1.965900
13.054001 -8.605999 -2.605700
14.658001 -6.303999 -1.589800
9.834001 -0.187999 2.435000
15.330001 -18.898000 -1.954100
15.636001 -6.829999 -0.574400
3.602001 4.684001 2.138000
8.026001 0.470001 -0.708700
-2.681999 7.180001 0.802700
2.322001 6.638001 0.948900
5.944001 -2.877999 -0.265900
4.062001 -4.151999 1.240800
14.830001 13.316001 -2.640200
21.634001 0.104001 -1.787900
2.548001 1.356001 -0.880100
17.680001 6.634001 -2.669500
4.290001 -0.363999 1.787100
18.150001 -13.655999 -0.659800
13.748001 14.144001 -0.577600
22.876001 1.448001 -2.642500
12.594001 -11.797999 1.991900
12.376001 -5.855999 1.385600
17.972001 -4.201999 0.503400
0.146001 -0.707999 2.722100
5.718001 4.406001 0.965200
13.970001 -6.341999 -0.508700
-1.943999 1.776001 0.665100
16.186001 15.610001 -2.462900
0.662001 0.874001 -0.644800
6.484001 0.640001 3.091200
18.082001 8.642001 1.122900
15.130001 13.868001 2.651500
7.858001 -3.267999 0.750900
0.622001 -2.729999 1.100200
13.688001 -8.255999 0.223500
13.476001 2.350001 -2.258600
14.352001 -16.898000 2.495800
14.742001 1.634001 2.541900
13.738001 -20.190000 0.310400
4.378001 1.160001 2.604000
16.834001 14.366001 -2.600400
-0.089999 7.084001 2.540000
5.692001 0.714001 1.291600
16.368001 -10.113999 -0.266700
12.968001 1.636001 0.324600
13.728001 -13.383999 -1.390400
11.478001 -19.092000 0.632800
11.320001 3.148001 0.040200
6.054001 5.526001 -0.194400
16.646001 5.444001 1.839100
-1.363999 -1.481999 -1.282200
16.556001 13.426001 2.401400
15.932001 -17.192000 1.801300
-1.711999 -5.961999 -1.810100
3.610001 -2.853999 -2.691600
3.686001 5.316001 -2.806300
-2.163999 -2.343999 -1.550700
14.088001 -9.589999 -1.375200
21.212001 6.384001 -2.401100
16.336001 9.598001 -0.975100
13.632001 -7.289999 1.424300
7.546001 -0.693999 0.409300
14.572001 2.088001 -3.013900
13.040001 -4.417999 2.743500
18.814001 -3.869999 1.570200
19.396001 -13.903999 -0.379700
14.606001 -7.057999 -0.274200
14.200001 -9.185999 2.427300
22.094001 -0.229999 -2.241200
14.278001 -16.463999 1.210400
19.464001 -2.759999 -2.369600
-3.019999 -6.647999 -0.721700
-0.337999 -2.051999 0.518200
4.590001 -0.975999 1.067900
13.614001 -18.958000 2.203900
18.406001 8.722001 -1.629500
-3.189999 -4.237999 -2.209800
10.232001 -5.271999 1.226600
16.406001 9.690001 -0.935800
17.482001 -13.647999 -2.459200
18.430001 9.814001 0.958200
8.994001 -2.831999 -1.112800
11.748001 -18.760000 0.581700
-2.057999 3.370001 -0.754200
21.716001 8.662001 2.386700
2.316001 7.594001 -2.692200
7.064001 5.514001 -2.221300
-2.349999 -4.261999 -2.948700
14.422001 -11.855999 -1.754100
18.292001 -17.210000 0.939600
6.012001 -2.543999 0.789100
14.936001 -7.489999 -1.204900
17.018001 -9.405999 -1.022800
14.302001 -17.546000 -0.681100
7.298001 0.894001 -1.547400
14.298001 14.256001 0.905700
15.772001 3.272001 -2.728200
8.768001 -2.157999 -2.668400
1.082001 5.104001 -1.493900
14.424001 13.454001 -0.154900
16.826001 -11.783999 -2.724300
14.906001 -0.261999 3.095400
16.948001 13.340001 0.754700
16.856001 12.778001 -0.692100
15.846001 3.750001 -0.330000
20.126001 1.530001 0.903600
10.618001 4.628001 1.391300
7.818001 1.950001 2.982900
14.862001 -12.653999 -1.807300
-7.609999 -4.279999 -1.976200
9.768001 -1.059999 -1.050100
10.880001 -19.354000 1.158000
5.402001 2.702001 1.543300
13.928001 15.742001 -0.134000
18.262001 13.312001 3.131185
2.208001 -6.423999 2.920800
10.992001 -10.303999 -2.731000
3.378001 -3.381999 0.017600
15.750001 -20.194000 -0.433600
5.380001 3.844001 2.770100
14.436001 -5.341999 2.492400
13.674001 -7.303999 -0.879800
9.024001 4.238001 0.665700
12.142001 -13.777999 3.038600
17.152001 -8.251999 -2.748900
16.660001 -1.013999 -2.825700
6.834001 3.812001 -0.707800
18.514001 -7.317999 -0.951400
0.542001 -2.957999 0.612300
20.262001 1.696001 -1.160300
13.634001 14.954001 1.412900
10.048001 3.904001 -3.010600
13.024001 -6.239999 1.675700
4.090001 -2.065999 2.230200
18.286001 -18.218000 1.852000
0.408001 -6.647999 -0.651500
16.528001 5.928001 -0.856900
16.544001 -21.006000 -1.299700
5.092001 4.590001 2.714300
14.710001 7.930001 1.270000
-0.335999 1.228001 -1.994600
3.016001 4.882001 2.772600
2.104001 -6.085999 1.084200
14.558001 16.066001 -0.437100
8.750001 1.556001 -0.889600
-2.305999 2.630001 2.437700
10.074001 0.968001 -1.135000
15.442001 10.240001 1.500300
14.336001 -13.461999 -2.232900
12.568001 -12.147999 -2.542100
2.082001 7.658001 0.884200
10.992001 -6.365999 -0.358000
1.838001 -2.137999 2.509700
16.942001 13.180001 0.581300
18.486001 1.486001 1.395700
15.876001 -14.063999 2.866200
1.000001 -1.355999 -3.073300
-1.907999 1.336001 -0.806300
14.750001 16.048001 0.459900
1.016001 1.620001 2.318000
11.510001 -20.814000 0.377500
-4.139999 0.208001 1.785100
12.720001 1.714001 -0.429900
14.458001 -15.913999 -0.931000
14.480001 5.512001 -2.877600
14.756001 -17.176000 -0.395100
10.802001 -11.939999 -1.353100
17.508001 -13.869999 -2.000100
19.028001 -0.001999 1.683900
8.990001 3.272001 1.699400
9.882001 -6.331999 -0.872400
16.192001 13.290001 1.311100
-1.469999 -6.345999 2.627600
15.238001 3.742001 -2.611300
19.376001 9.164001 -2.024400
5.236001 7.004001 -1.483100
16.072001 4.616001 0.206000
9.318001 2.870001 -2.680600
12.108001 -3.725999 -1.500900
-4.769999 -6.977999 0.363700
-1.231999 -6.293999 -1.175200
15.442001 -1.083999 1.675300
22.272001 1.174001 -1.894800
21.372001 2.614001 1.004700
-5.049999 -2.063999 -2.818600
19.578001 6.354001 1.990400
5.968001 3.036001 1.674200
-1.319999 -5.637999 0.839300
3.760001 -3.039999 -2.563100
14.222001 0.190001 -1.137700
-3.091999 4.830001 2.621200
-0.841999 -4.841999 -1.801500
14.366001 2.104001 -3.053300
7.872001 -0.993999 1.987800
3.888001 3.378001 1.036700
5.840001 5.554001 2.294300
0.548001 -6.723999 -1.551300
7.906001 -1.013999 0.961900
13.824001 -13.417999 -1.596500
16.626001 -11.327999 -1.372800
15.884001 10.170001 -0.143200
-0.527999 -6.255999 1.427200
16.186001 -14.599999 -2.229200
-1.531999 4.928001 0.211500
8.860001 -1.217999 -2.735000
10.908001 4.230001 2.177800
12.056001 -18.360000 -0.355800
18.328001 -12.795999 -1.307200
15.934001 -1.025999 0.661900
17.000001 -12.963999 -2.377200
11.636001 -7.121999 2.815100
10.916001 -16.189999 -1.509400
16.376001 -18.732000 -3.044700
4.000001 -1.451999 2.845700
13.822001 -19.208000 1.265700
10.862001 2.854001 2.073500
16.552001 8.780001 -1.958500
19.518001 0.664001 -2.809900
1.716001 1.010001 2.261300
2.242001 -6.501999 2.983500
12.698001 -14.901999 2.987300
-1.859999 -4.525999 -0.267700
-6.627999 -2.089999 -2.799200
-3.689999 7.038001 -1.179300
-5.855999 -2.025999 -1.978500
-1.699999 0.776001 -0.547400
13.430001 -7.195999 1.441900
2.474001 -5.495999 2.052800
16.268001 10.174001 0.020700
14.966001 -7.543999 -0.561900
15.700001 -0.473999 0.591000
-5.325999 -3.067999 1.045200
16.306001 6.460001 -0.135100
8.828001 -1.365999 -2.552600
18.102001 1.452001 -1.455000
10.422001 -2.055999 -0.993800
12.912001 -10.355999 -1.758600
13.352001 -3.625999 -2.165800
15.606001 9.382001 2.425700
13.788001 -2.253999 -1.470200
8.934001 2.088001 2.429000
9.968001 0.136001 0.573800
4.004001 2.846001 -2.215000
3.616001 -3.909999 -0.194800
13.054001 -3.361999 -2.201700
-0.741999 0.426001 -2.858900
18.322001 -19.514000 1.298100
16.896001 -20.280000 -0.621300
18.530001 -3.007999 1.012300
9.916001 -5.151999 -2.878100
8.190001 2.650001 -0.281200
5.396001 6.160001 3.137985
20.178001 2.724001 2.932700
17.308001 11.548001 1.412600
17.514001 -9.011999 0.926300
16.034001 -4.435999 -1.620100
22.010001 -6.693999 2.826300
12.372001 4.956001 2.041700
20.322001 6.386001 0.514800
1.598001 -3.203999 1.530000
2.520001 -1.699999 3.091500
7.832001 -1.001999 2.616200
13.300001 -4.127999 0.884300
14.734001 1.946001 -1.016200
18.294001 4.220001 2.413900
2.576001 -0.417999 1.858500
16.632001 16.358001 2.644600
13.902001 -20.924000 -2.127000
16.222001 0.222001 2.919000
-0.461999 0.398001 -1.069100
-6.699999 -6.803999 -3.124385
14.174001 2.928001 2.090300
14.314001 -12.909999 -2.889800
