4.400001 -0.849999 0.341600
-7.299999 -7.749999 -1.119500
1.900001 1.250001 1.723300
10.000001 -7.449999 2.513900
15.950001 1.150001 2.975900
16.850001 -16.950000 2.689200
-5.049999 -4.749999 -0.059300
4.100001 7.150001 1.136200
9.500001 -2.299999 3.140500
4.150001 2.550001 -1.567700
12.500001 4.300001 2.144100
17.700001 -7.999999 2.028000
15.400001 -5.249999 -1.956900
12.000001 -14.849999 -2.602200
11.700001 0.000001 1.635900
15.400001 14.650001 -1.743300
15.350001 4.700001 0.662600
16.300001 -8.049999 -2.760600
14.900001 -8.299999 -0.610200
12.100001 -10.349999 1.765800
14.350001 -1.899999 0.549400
18.450001 6.350001 1.339900
20.950001 3.150001 -0.002600
16.450001 13.800001 0.017400
15.750001 -14.849999 2.276100
0.150001 -3.449999 -0.754400
4.050001 -6.149999 0.582600
7.700001 -3.349999 1.493600
15.300001 2.800001 -2.904300
18.800001 5.600001 1.783900
5.950001 -5.849999 1.434700
-3.949999 -1.699999 -1.819700
2.900001 -4.749999 0.670900
10.550001 0.850001 -1.684600
1.200001 -4.649999 -3.051900
20.700001 -0.749999 0.170100
13.000001 -11.699999 -2.054000
11.350001 -9.799999 0.511300
11.250001 -19.300000 0.655300
15.100001 7.700001 2.148300
-3.549999 -1.699999 -2.843700
9.200001 -5.999999 2.810900
-1.099999 -3.399999 -1.626600
-3.399999 5.850001 -1.764300
18.750001 -6.949999 -1.061400
4.900001 -3.099999 -2.560100
-2.399999 -1.749999 0.404200
9.800001 -4.199999 -0.818200
3.850001 -2.849999 0.615300
14.400001 -17.900000 -1.434700
-0.949999 -5.449999 1.962100
12.850001 -11.099999 -1.487100
14.800001 7.450001 -0.218800
15.500001 -1.599999 -0.919300
-3.149999 -4.999999 0.881100
16.200001 3.650001 1.065600
-6.749999 -0.799999 -1.565100
15.750001 -12.899999 -1.108000
14.900001 -1.849999 -0.777100
3.100001 -4.599999 -1.943700
6.750001 1.450001 0.595800
13.450001 -18.650000 2.964400
4.050001 1.250001 1.976600
13.300001 -7.799999 -3.001700
14.100001 6.300001 2.544900
12.350001 -20.300000 -2.982100
5.850001 -5.949999 0.575500
18.600001 0.950001 1.083000
-4.899999 -3.049999 -2.536100
14.750001 -13.049999 0.157600
11.350001 -14.149999 3.039700
17.150001 -13.799999 -2.643600
6.900001 -5.299999 3.114400
17.550001 4.650001 1.922400
3.950001 -1.949999 1.425800
8.450001 1.150001 2.563600
9.700001 2.950001 -0.251500
20.650001 -5.749999 2.596000
21.350001 -0.349999 1.879000
18.600001 -18.600000 1.465500
9.750001 3.050001 1.448700
15.300001 -8.799999 -2.876900
21.050001 9.650001 -2.345100
-6.299999 -5.349999 0.133000
0.200001 -3.399999 0.470200
17.750001 -19.200000 1.118200
-6.249999 -7.449999 -1.136400
13.300001 -15.549999 2.884400
12.750001 5.050001 -0.947500
15.800001 -1.649999 -1.171200
19.050001 -2.299999 -2.054900
10.950001 -2.499999 -1.733100
13.300001 -5.499999 -2.327700
18.700001 0.050001 -2.638300
15.650001 2.900001 2.059000
14.350001 -17.550000 -0.932400
19.650001 5.950001 -0.300200
15.700001 7.000001 -1.800900
14.200001 -19.150000 2.168100
21.450001 -6.449999 -1.576100
10.950001 -0.249999 -0.500900
13.900001 15.050001 0.276500
13.000001 -16.650000 0.935900
13.850001 -7.749999 1.983700
17.450001 10.450001 0.437200
1.400001 -2.299999 -0.508300
-0.099999 0.650001 0.412900
14.850001 -19.350000 -2.238700
-2.749999 -0.049999 -2.680200
11.400001 -14.299999 2.585900
9.600001 3.150001 2.339000
18.300001 -8.299999 -0.931100
9.850001 -6.399999 0.888000
1.500001 -0.549999 1.649600
0.800001 -1.499999 2.384500
5.800001 -7.249999 -2.363200
2.000001 -5.999999 -1.161300
16.750001 -11.449999 2.712600
16.950001 7.200001 -2.113800
2.500001 -4.599999 -0.441500
12.750001 14.650001 -0.617800
4.350001 4.100001 -2.455800
11.150001 -1.549999 -1.320700
0.400001 -5.999999 -0.385100
15.550001 -14.149999 -2.244700
5.200001 1.950001 1.254300
16.350001 5.650001 0.829200
19.150001 7.700001 -0.985100
19.150001 6.400001 -1.055900
11.900001 -12.199999 -0.506500
16.600001 6.350001 2.333900
11.900001 -17.250000 -1.154200
19.500001 0.550001 -2.762700
-1.799999 7.200001 -2.567800
20.650001 -20.000000 -0.082500
15.000001 -9.799999 0.108400
9.500001 -0.499999 1.253800
-0.599999 0.100001 0.717200
11.250001 -14.699999 -2.399200
16.500001 9.600001 0.360100
11.650001 -19.450000 1.253600
22.000001 1.300001 2.131900
9.500001 1.650001 0.137100
9.700001 -2.399999 -3.049700
-0.599999 7.150001 2.297400
1.250001 8.050001 -1.932100
14.500001 -9.049999 -1.663100
-2.999999 4.400001 2.121600
20.150001 5.300001 -0.777300
19.450001 -7.249999 -1.574900
10.200001 -7.249999 -2.182600
-1.099999 -0.549999 -2.008500
19.450001 8.300001 0.321700
14.750001 5.200001 1.395100
16.850001 -14.199999 3.098300
-4.999999 -2.099999 -1.803700
11.100001 -6.299999 3.029500
14.850001 13.200001 -2.400900
-6.849999 -5.199999 -1.796600
-6.999999 -7.399999 2.224300
8.800001 -4.449999 -1.311500
21.950001 6.700001 2.559500
12.100001 -19.850000 1.809800
11.200001 -1.849999 -1.157400
6.700001 -2.849999 0.198700
-5.749999 -7.449999 1.573400
0.350001 -1.899999 2.799100
17.600001 -14.149999 1.119100
12.350001 4.550001 1.053400
18.700001 9.100001 1.420200
18.000001 8.750001 0.343500
11.350001 -0.149999 2.699800
1.300001 0.950001 3.135700
-2.349999 3.400001 2.568400
12.250001 -18.800000 0.436100
1.000001 -6.199999 -2.264200
12.900001 1.750001 -1.049500
4.300001 5.700001 0.104700
18.050001 -12.249999 -0.723100
17.850001 11.750001 -3.034300
19.350001 -1.649999 -1.962600
-5.399999 -5.249999 -0.035100
6.450001 5.500001 -3.083100
19.650001 5.650001 0.722200
13.400001 -4.849999 -1.035600
14.850001 -8.249999 2.015300
16.050001 5.700001 0.182900
10.000001 -3.149999 -0.880900
17.700001 7.250001 2.982900
17.650001 13.000001 -2.457700
16.250001 -14.049999 -0.624700
12.800001 -13.299999 0.661600
14.100001 -14.749999 1.353100
8.800001 2.450001 2.355400
11.500001 -17.250000 -2.083800
1.050001 3.450001 -1.696600
20.550001 -5.599999 1.225300
4.650001 -2.899999 -2.891700
7.600001 -7.499999 -2.457900
15.100001 -10.249999 -1.476900
15.350001 2.250001 -1.185400
18.700001 -16.750000 0.483600
17.500001 -16.600000 2.167000
13.400001 -4.249999 3.087600
17.350001 0.100001 2.624500
7.700001 -2.099999 -2.435300
12.850001 -9.949999 2.324500
-1.699999 -0.099999 -2.593300
17.400001 -20.300000 -2.093900
-1.149999 -0.699999 -1.260100
14.250001 -9.149999 -2.561800
13.700001 -20.250000 2.779600
-0.649999 0.750001 0.328500
21.400001 1.950001 -1.964100
17.150001 -13.299999 2.547500
-6.949999 -0.499999 -2.575500
-0.649999 6.900001 -0.749900
11.900001 -1.649999 -2.886000
19.600001 11.600001 -0.575100
11.350001 3.450001 2.895000
5.050001 0.150001 -0.241400
16.000001 12.350001 -0.589800
13.850001 -13.799999 -2.234500
15.600001 16.300001 -0.084300
19.500001 0.700001 1.033400
8.300001 -7.549999 -2.895000
15.800001 -15.549999 1.857700
18.050001 0.150001 -2.410400
11.400001 -2.299999 -0.498700
2.500001 -3.649999 -2.463400
3.800001 7.700001 -0.869100
19.650001 1.700001 0.951600
18.450001 4.250001 1.082900
9.800001 2.650001 -2.653500
5.350001 2.450001 -0.199100
13.150001 -3.599999 2.865300
10.950001 -2.799999 -2.717200
18.050001 -16.900000 -0.530100
15.900001 -18.650000 -2.419600
-0.049999 1.400001 -2.089100
11.650001 -1.999999 -1.689000
17.900001 -19.250000 -0.352100
-2.199999 5.000001 0.614100
14.350001 -7.449999 0.400600
5.600001 -6.699999 2.720900
-1.499999 -0.949999 0.722700
9.600001 1.000001 -2.901700
-0.249999 -3.049999 -1.467500
-1.049999 -1.849999 -0.068400
11.350001 -2.749999 2.577700
14.300001 -6.749999 0.993600
4.200001 1.300001 -1.268000
16.650001 7.750001 -0.497000
21.450001 -6.249999 -2.566800
12.250001 -20.200000 2.937600
0.850001 1.300001 2.772600
6.050001 1.700001 -1.356200
1.850001 -7.099999 1.986500
16.250001 5.600001 0.983700
15.250001 7.350001 2.572900
-0.199999 -6.199999 -0.733100
18.450001 -16.650000 -0.253900
12.500001 -13.249999 0.479000
-7.099999 -1.049999 -0.138500
-6.999999 -0.149999 2.167100
15.350001 1.450001 0.559300
16.400001 -13.849999 0.375300
-1.749999 -7.549999 2.980300
15.050001 -15.699999 -0.266900
19.400001 7.950001 -2.549000
-0.749999 -0.999999 1.125000
14.900001 -19.800000 0.743500
-1.099999 -7.199999 2.047200
4.500001 -1.849999 -1.734100
3.650001 5.250001 -3.048100
7.550001 0.300001 -0.150000
16.850001 4.850001 2.422100
18.300001 -7.349999 -2.707400
15.500001 -16.199999 -0.209800
-3.649999 -2.499999 -2.120800
2.800001 0.600001 -2.495200
15.800001 4.850001 1.705200
8.150001 2.350001 -0.261400
-3.699999 3.400001 0.222000
16.250001 13.250001 0.087500
18.650001 -7.799999 -2.471100
10.500001 1.700001 -1.792400
9.200001 -1.299999 0.250400
14.800001 -7.449999 -2.636900
3.200001 1.400001 -1.725400
5.450001 5.150001 1.754900
18.350001 6.500001 -2.369500
-3.299999 -1.299999 -1.408100
-3.349999 -0.599999 0.329500
-2.049999 -3.349999 1.392300
1.300001 7.150001 2.758800
11.500001 4.550001 1.193600
12.300001 -6.499999 1.450500
-1.749999 -6.699999 0.889300
17.650001 5.600001 -0.859200
4.050001 1.600001 1.825900
-6.999999 -7.949999 -0.383700
16.750001 -10.049999 0.347500
18.850001 -2.549999 -0.971500
15.050001 -18.300000 -3.043400
10.800001 -5.999999 1.388200
21.000001 5.900001 -0.284700
3.950001 1.650001 1.083200
-3.399999 -6.449999 2.328700
14.200001 -12.499999 -0.616400
19.550001 -18.700000 1.352300
19.150001 0.100001 1.751900
14.900001 16.300001 -1.833100
12.350001 -16.450000 1.809900
17.650001 4.400001 -0.231300
2.150001 7.000001 0.029000
9.800001 -4.449999 0.395800
18.850001 -6.049999 2.625400
1.050001 -3.499999 -1.536600
0.650001 1.200001 0.355900
16.450001 -18.650000 1.853400
6.250001 5.750001 -3.036600
7.750001 0.800001 -2.367900
-1.299999 -0.949999 1.012800
-2.399999 -7.599999 -1.107500
21.050001 -6.099999 1.970600
18.100001 -12.699999 -0.241300
-6.599999 -0.249999 1.320100
15.600001 -6.149999 1.856800
0.850001 1.250001 1.302100
19.050001 6.350001 2.385700
4.250001 7.150001 2.378600
16.250001 14.650001 -2.760400
0.250001 -2.999999 0.597300
0.450001 -0.299999 -2.329000
3.450001 5.800001 1.905000
17.450001 8.400001 0.848900
12.900001 -4.899999 2.680800
7.850001 -0.949999 1.415500
14.350001 5.700001 -0.342100
10.400001 -1.649999 -2.650700
1.750001 -4.449999 0.806800
12.100001 -18.550000 1.558700
13.600001 -13.599999 -2.783100
5.700001 -5.749999 2.213100
14.550001 -8.449999 0.459000
6.850001 -4.649999 0.760900
4.300001 0.550001 1.828300
11.750001 4.150001 -1.010800
-2.999999 -5.449999 -1.132300
16.450001 -16.500000 1.942600
13.700001 -7.249999 1.854300
-5.899999 -1.899999 -0.277500
11.900001 -4.999999 2.530800
-5.349999 -2.799999 -3.017700
12.750001 -16.249999 -0.044000
6.150001 3.100001 1.686300
0.300001 -7.199999 1.165400
3.800001 7.200001 2.639500
10.550001 -4.249999 -1.443600
-2.099999 1.050001 -0.778600
5.300001 -6.949999 -0.712900
-0.349999 -6.849999 -1.944100
8.600001 2.650001 0.054300
5.350001 -3.349999 -1.736700
-3.749999 -2.399999 0.229300
4.350001 -3.699999 -2.775700
-1.649999 -4.599999 -1.740400
16.200001 -13.249999 1.137500
19.050001 6.850001 0.641600
2.350001 6.950001 1.599800
15.650001 -13.849999 -0.084700
1.500001 -3.599999 1.040300
-3.949999 -6.749999 1.996300
14.400001 -8.349999 0.998700
20.900001 6.450001 2.448100
20.900001 1.850001 0.738800
17.050001 -4.099999 1.697700
11.750001 -4.899999 -2.225700
5.050001 6.400001 1.596200
0.100001 6.800001 1.831900
1.850001 6.950001 2.730600
22.250001 -0.499999 -2.382800
6.600001 0.700001 -0.858900
9.050001 2.450001 -2.381700
-2.549999 2.200001 1.048400
14.550001 -1.849999 -1.158300
15.900001 0.650001 0.030400
5.350001 -0.249999 -2.614700
-2.049999 5.600001 1.976900
-2.949999 7.700001 -0.961800
12.800001 -4.899999 -0.119700
1.250001 1.850001 -2.501200
14.350001 14.050001 -2.252600
22.050001 -0.799999 2.147600
17.250001 2.950001 -1.646800
15.700001 -8.349999 -2.461300
16.850001 -13.599999 1.561700
14.500001 -6.399999 1.783400
6.000001 2.200001 -2.142400
18.150001 6.300001 -1.306800
-0.549999 0.600001 -2.465800
17.450001 -17.300000 0.658400
7.450001 -4.499999 0.364000
1.150001 5.450001 -2.881600
14.700001 0.100001 2.869200
17.700001 -19.500000 0.420500
19.850001 -2.599999 -2.382800
14.150001 1.500001 -0.539100
0.800001 -5.549999 1.925300
16.600001 -11.949999 -0.889600
13.750001 14.000001 -3.001700
4.500001 0.850001 0.814200
4.100001 4.850001 2.137400
1.000001 -3.949999 0.505500
13.200001 -9.749999 0.555500
5.950001 -1.249999 -1.898700
5.500001 3.850001 -2.030600
11.450001 -19.050000 2.195000
18.350001 5.350001 -0.215500
10.050001 0.800001 -2.804800
15.600001 -18.200000 0.332500
-2.249999 7.750001 3.090300
1.100001 -2.899999 -1.628300
6.750001 -2.249999 -1.251500
7.850001 -3.399999 1.856500
15.000001 1.050001 -0.620700
11.650001 0.450001 2.568200
19.650001 -2.999999 2.054700
20.300001 1.400001 0.509800
1.500001 -1.349999 3.060200
16.400001 -11.949999 -1.659600
-1.949999 -6.449999 -1.045900
20.850001 0.850001 -2.244500
-6.949999 -4.149999 1.658400
20.150001 7.400001 -1.238700
-0.399999 0.050001 -1.273300
9.550001 -1.399999 2.714200
16.350001 11.700001 -0.975500
13.650001 14.000001 -2.232800
11.200001 -2.599999 -2.131300
-2.199999 -1.599999 0.420600
6.050001 -2.549999 1.615600
16.150001 -10.399999 0.814000
14.900001 14.850001 -0.105500
10.350001 -3.149999 -0.503500
12.800001 0.550001 -1.430300
14.400001 11.500001 2.824600
-6.299999 -2.949999 -3.105700
15.950001 15.500001 -2.012800
-3.599999 -3.799999 0.437300
13.600001 -6.399999 -2.398400
18.950001 -3.199999 -1.823500
14.150001 -11.349999 2.685100
1.250001 -0.349999 1.842600
20.150001 2.050001 -1.268900
4.900001 6.600001 -0.366500
2.500001 -1.849999 2.704700
18.600001 1.250001 -1.882200
14.750001 -0.899999 -2.462500
0.350001 6.450001 0.856900
1.750001 -4.299999 -1.835300
15.250001 -15.649999 -1.290100
3.750001 0.800001 0.540900
16.750001 -14.049999 -1.481900
14.800001 -8.599999 -0.468100
18.600001 3.700001 -0.991100
14.400001 6.950001 0.259000
23.700001 0.600001 -0.016000
15.100001 -13.349999 2.346700
10.100001 -0.199999 2.706100
2.200001 -6.849999 -1.063400
4.050001 -6.849999 -0.080100
15.300001 -18.200000 -0.453100
6.550001 -3.099999 -2.808300
13.500001 14.250001 0.039600
14.050001 15.100001 -0.403600
-3.349999 -5.699999 1.308600
11.650001 -14.599999 2.785300
-0.199999 -0.149999 -2.111400
10.700001 3.550001 -2.222000
-1.899999 5.500001 -1.847500
19.150001 1.850001 0.430100
17.400001 14.400001 -0.635000
3.150001 2.000001 -2.932100
-0.399999 -6.249999 1.165800
13.000001 -10.499999 2.785600
11.100001 -12.799999 -2.057500
13.600001 -6.249999 3.003400
16.950001 -10.549999 2.407100
-0.749999 -6.899999 2.543700
7.900001 -1.699999 1.086300
2.650001 -4.349999 0.501300
4.950001 3.500001 -0.528800
2.600001 -1.349999 -0.612100
12.400001 -17.900000 -0.355700
21.550001 -20.250000 0.424100
9.500001 -6.299999 0.185600
14.050001 4.650001 2.054100
14.950001 3.100001 2.457100
17.900001 -8.699999 3.033900
-2.699999 2.250001 1.755900
11.450001 2.100001 -1.973700
-5.749999 -2.599999 1.777900
-6.549999 -5.899999 -0.207200
3.450001 -0.599999 -0.578800
11.750001 -14.799999 -2.923900
12.250001 -17.450000 1.298900
-0.999999 -0.249999 1.898900
16.900001 -18.000000 2.515200
11.650001 1.350001 1.706400
4.500001 4.700001 -0.972700
0.100001 -0.349999 -2.490200
4.800001 7.200001 3.092400
0.800001 -2.899999 -2.921900
-2.949999 7.500001 1.279900
15.850001 -8.649999 -0.358500
18.300001 4.800001 0.477900
1.550001 -4.049999 1.663200
12.800001 -5.549999 -2.885300
-2.149999 3.000001 -0.643200
-3.549999 4.250001 -3.047200
2.650001 -0.599999 -2.846700
16.450001 7.700001 -0.729300
16.150001 -11.949999 -1.767000
11.750001 -1.899999 -2.475000
10.250001 -4.199999 0.989200
21.050001 -6.649999 -1.871500
11.650001 -10.249999 -1.927200
17.650001 9.750001 0.625400
-3.699999 -0.499999 -1.627600
-2.249999 -5.849999 3.052600
-2.249999 -6.899999 -2.776200
1.450001 1.250001 -2.298400
5.750001 -5.499999 3.129800
-1.149999 2.000001 2.863000
10.650001 0.600001 1.138100
-1.899999 0.700001 0.089700
4.450001 -3.599999 0.362100
11.450001 0.150001 2.187000
-6.299999 -3.099999 -2.625600
9.200001 3.050001 -1.145400
1.250001 0.800001 -1.752300
10.750001 -5.299999 2.144200
15.150001 3.950001 -1.266400
21.300001 -6.549999 -0.330700
17.450001 -8.149999 -0.898700
16.750001 -11.749999 1.032600
7.700001 -6.399999 1.162600
1.750001 -5.949999 -2.648600
9.350001 -3.699999 -1.657100
18.450001 -3.049999 -0.122200
1.050001 -4.499999 -1.025800
1.150001 4.250001 3.123500
12.300001 15.250001 -2.382500
11.950001 -17.350000 1.334100
15.300001 -7.399999 1.840100
13.450001 -16.950000 3.033100
18.700001 -20.600000 -2.124100
20.350001 -0.099999 1.263600
-2.599999 -1.949999 -1.160500
19.600001 6.650001 -2.949700
18.100001 -18.500000 -0.140400
5.100001 4.250001 -1.725900
14.400001 11.750001 0.509800
15.100001 -8.499999 -2.678300
12.700001 -19.050000 2.898700
14.750001 -14.199999 -1.489000
15.300001 3.250001 0.753900
12.150001 3.450001 -2.638200
17.350001 10.000001 -2.379800
6.450001 -7.399999 -0.735900
10.450001 -1.099999 -0.275600
15.450001 8.450001 -2.006500
-1.499999 3.050001 -0.121000
9.850001 0.300001 -1.041000
2.550001 -5.899999 0.678700
9.650001 -4.199999 -2.649800
-1.899999 -1.549999 2.771000
20.850001 -0.199999 -1.948100
-6.249999 -1.299999 -1.520700
18.150001 9.950001 0.346600
12.550001 -6.849999 -2.032900
16.200001 -14.199999 2.122200
11.750001 -19.250000 3.062200
18.500001 -3.149999 -1.727900
16.150001 -10.649999 -1.966600
14.550001 4.350001 -0.008300
16.700001 -20.850000 1.384700
18.250001 -7.699999 -1.099900
13.000001 -13.399999 -2.192800
6.500001 -5.199999 1.050100
18.950001 -20.450000 -1.528700
18.100001 1.250001 0.211300
14.900001 7.250001 -0.246500
-2.249999 -2.899999 -2.871700
13.950001 -5.649999 -1.510100
-3.849999 -3.399999 -1.333700
6.600001 -3.549999 -2.724800
-1.499999 -6.299999 0.272000
10.400001 -3.399999 0.120700
0.150001 1.200001 -0.205300
-5.049999 -4.099999 2.426700
-1.049999 -5.399999 -3.132500
4.750001 5.700001 -0.853100
16.100001 14.650001 1.644800
13.000001 -7.649999 -0.263100
22.300001 -0.549999 -2.892200
12.000001 -12.349999 0.897000
10.050001 -0.599999 0.993100
12.350001 -14.149999 -0.915800
19.100001 10.600001 0.454100
9.150001 -1.349999 2.663000
14.900001 -18.900000 2.596400
-2.649999 5.900001 -0.540200
6.300001 -0.949999 -2.405800
16.050001 2.400001 -1.623200
11.200001 -13.149999 1.638200
-5.099999 -2.949999 0.027200
23.250001 0.500001 -2.142400
17.900001 -17.300000 -1.809900
3.450001 -7.699999 2.444100
19.750001 -2.749999 1.601800
-1.549999 7.250001 1.987800
-0.299999 7.350001 0.695700
4.700001 -5.449999 3.113400
9.550001 -1.149999 -0.630800
8.500001 -6.949999 -0.014500
2.000001 -1.549999 -1.264200
2.200001 -0.249999 1.644000
11.500001 -18.950000 -1.740700
16.750001 -15.149999 -1.280900
12.250001 15.550001 -0.699000
-2.199999 -7.199999 -0.811300
22.800001 0.400001 -0.239200
6.100001 -5.199999 2.888400
13.850001 -5.949999 2.628800
1.950001 -1.099999 -0.018300
13.400001 -7.449999 0.569800
8.350001 -6.249999 0.907800
13.300001 14.900001 -0.286200
15.550001 5.750001 -0.892700
-2.099999 -3.349999 -1.773800
0.350001 -0.099999 -1.259100
13.700001 5.250001 2.635600
-0.299999 -1.199999 -1.996100
16.300001 5.700001 -0.186800
13.550001 -2.999999 2.418000
5.450001 -6.249999 -2.844400
17.250001 -13.899999 -1.065100
4.050001 -4.799999 0.365100
19.300001 -6.199999 -1.180300
18.100001 6.650001 -1.649500
-7.399999 -7.849999 0.417100
-5.049999 -1.599999 2.678400
2.150001 -1.199999 3.120800
12.200001 -5.299999 -1.148900
14.300001 -14.099999 -2.274300
9.200001 -6.149999 -0.152600
19.250001 8.500001 -1.042200
-5.299999 -3.999999 1.501300
-6.499999 -3.299999 -0.246500
13.350001 0.750001 0.230700
6.150001 -3.149999 1.437700
20.650001 -1.149999 2.024100
18.350001 -3.549999 -0.722400
12.950001 -13.499999 1.497300
12.650001 -3.099999 0.134300
-0.199999 -6.349999 0.973800
5.600001 3.900001 -0.098900
17.650001 -20.850000 1.371000
-3.549999 3.150001 2.832400
2.200001 -3.899999 2.476900
18.050001 7.450001 -2.780100
0.900001 -7.349999 2.306100
11.550001 -1.199999 -1.212900
19.800001 5.300001 1.692900
-3.099999 5.000001 -1.838300
9.200001 -3.049999 2.096500
12.550001 -20.600000 2.513500
2.300001 7.500001 -3.113000
15.450001 12.300001 1.049600
-0.249999 -6.899999 -2.852100
13.850001 -15.749999 1.337000
14.250001 6.100001 2.794800
11.900001 0.900001 1.520400
19.550001 2.400001 2.405300
3.750001 -1.399999 -1.235700
-2.499999 6.300001 1.512200
20.750001 -6.499999 -0.915100
9.600001 1.650001 -1.385500
18.350001 7.550001 2.690900
2.400001 -3.449999 1.203300
20.300001 1.150001 0.590400
1.350001 3.600001 -2.737800
-3.299999 2.850001 1.292700
8.450001 -5.249999 2.521600
2.150001 -6.299999 1.931300
19.500001 1.850001 2.373500
16.650001 -13.249999 1.364500
4.400001 4.150001 -0.946000
0.400001 -2.749999 0.375500
15.650001 15.600001 -2.748500
16.900001 -13.899999 2.091600
12.250001 -8.449999 1.388000
-6.849999 -3.699999 -0.024600
3.250001 1.600001 2.134500
11.600001 -9.699999 2.228200
2.450001 -1.449999 -2.154500
-0.749999 0.100001 2.429900
1.800001 -3.299999 -1.032000
15.250001 5.000001 -2.632400
13.950001 -4.599999 -1.977800
-6.799999 -6.399999 -0.644000
16.700001 -11.899999 1.228300
5.450001 -0.549999 -1.304800
14.300001 13.700001 0.258100
15.800001 -12.949999 3.027100
13.600001 -11.549999 -0.224200
6.950001 3.250001 2.446200
20.150001 -6.049999 -1.817500
3.500001 -6.749999 0.375800
11.500001 -3.249999 2.337400
7.650001 3.050001 -0.937400
5.250001 1.000001 2.678300
-0.099999 -3.149999 0.733900
5.450001 -4.749999 0.910600
21.550001 0.800001 1.991900
13.300001 -8.949999 -2.555700
14.250001 -6.149999 -1.689800
9.650001 -0.099999 2.499000
15.050001 -18.800000 -2.038100
15.650001 -6.999999 -0.674400
3.700001 5.150001 2.210000
7.500001 0.950001 -0.616700
-2.149999 6.600001 0.862700
2.650001 6.950001 0.968900
5.450001 -3.049999 -0.309900
4.150001 -4.199999 1.322800
15.250001 13.600001 -2.744200
21.350001 0.550001 -1.749900
2.500001 1.750001 -0.870100
17.150001 6.300001 -2.711500
3.700001 0.200001 1.761100
17.850001 -13.199999 -0.677800
14.050001 13.800001 -0.673600
22.400001 1.150001 -2.680500
12.000001 -11.849999 1.889900
11.950001 -5.949999 1.425600
17.550001 -3.999999 0.411400
0.150001 -0.699999 2.652100
5.450001 3.950001 1.043200
13.400001 -6.849999 -0.474700
-1.599999 2.100001 0.711100
15.950001 15.700001 -2.520900
0.700001 0.400001 -0.542800
6.150001 0.350001 3.123200
18.050001 8.300001 1.194900
14.700001 13.450001 2.653500
8.450001 -3.549999 0.742900
0.250001 -2.499999 1.190200
13.200001 -8.549999 0.143500
13.850001 2.450001 -2.276600
14.550001 -17.000000 2.591800
15.300001 1.200001 2.545900
14.300001 -20.700000 0.388400
4.250001 0.650001 2.622000
16.650001 13.850001 -2.626400
-0.549999 7.100001 2.548000
5.800001 0.700001 1.361600
16.950001 -10.249999 -0.230700
12.450001 1.150001 0.368600
13.950001 -13.049999 -1.376400
11.300001 -19.400000 0.716800
11.200001 2.800001 -0.041800
6.600001 5.300001 -0.144400
16.800001 5.450001 1.933100
-1.849999 -1.149999 -1.342200
16.000001 13.200001 2.415400
16.450001 -17.150000 1.777300
-1.149999 -6.199999 -1.750100
3.300001 -3.349999 -2.737600
3.600001 5.100001 -2.716300
-2.549999 -2.699999 -1.582700
13.550001 -9.499999 -1.335200
20.800001 6.650001 -2.445100
16.850001 9.050001 -1.031100
13.150001 -6.749999 1.504300
7.750001 -0.949999 0.335300
14.000001 2.350001 -2.945900
13.450001 -3.949999 2.659500
18.250001 -3.599999 1.644200
18.950001 -13.549999 -0.341700
14.550001 -7.349999 -0.348200
14.100001 -8.749999 2.385300
21.550001 -0.149999 -2.311200
14.800001 -15.949999 1.260400
19.700001 -2.999999 -2.313600
-3.599999 -6.299999 -0.691700
0.000001 -1.599999 0.588200
4.000001 -0.799999 1.119900
13.500001 -19.550000 2.119900
18.050001 8.700001 -1.537500
-3.499999 -4.749999 -2.183800
10.050001 -5.649999 1.214600
16.000001 9.200001 -0.831800
17.650001 -13.749999 -2.361200
18.700001 9.500001 0.930200
9.050001 -2.249999 -1.168800
12.150001 -18.400000 0.587700
-1.499999 3.800001 -0.800200
21.750001 8.200001 2.432700
1.850001 7.950001 -2.730200
7.050001 4.950001 -2.131300
-2.749999 -4.749999 -2.930700
14.400001 -11.499999 -1.782100
18.750001 -17.450000 0.851600
6.100001 -3.049999 0.869100
15.250001 -7.099999 -1.266900
16.700001 -9.299999 -0.940800
14.100001 -17.550000 -0.749100
6.800001 0.500001 -1.591400
14.450001 14.700001 0.935700
16.300001 2.700001 -2.766200
8.350001 -1.799999 -2.576400
0.950001 5.500001 -1.517900
14.500001 13.900001 -0.210900
17.300001 -11.949999 -2.688300
14.500001 -0.599999 3.059400
16.750001 12.950001 0.818700
16.850001 12.550001 -0.782100
15.600001 3.450001 -0.290000
20.150001 2.050001 0.829600
10.950001 4.100001 1.467300
7.950001 1.950001 3.072900
15.050001 -12.949999 -1.707300
-7.349999 -4.649999 -2.050200
9.200001 -1.399999 -1.086100
11.350001 -19.050000 1.096000
5.600001 2.350001 1.553300
13.450001 15.700001 -0.220000
17.750001 13.350001 -3.076000
2.600001 -6.399999 2.900800
11.300001 -10.599999 -2.823000
3.750001 -3.349999 0.101600
16.350001 -19.800000 -0.513600
5.900001 3.650001 2.866100
14.900001 -5.849999 2.536400
13.450001 -7.799999 -0.863800
9.350001 3.800001 0.637700
11.750001 -13.449999 3.098600
16.650001 -8.399999 -2.656900
16.850001 -0.849999 -2.769700
6.450001 3.250001 -0.629800
18.900001 -7.599999 -1.019400
0.700001 -3.549999 0.578300
20.550001 1.500001 -1.056300
13.500001 14.850001 1.350900
10.000001 4.000001 -3.088600
13.050001 -6.799999 1.779700
4.000001 -2.499999 2.176200
18.800001 -17.800000 1.776000
0.450001 -7.049999 -0.747500
17.050001 5.450001 -0.846900
16.450001 -20.650000 -1.271700
5.000001 5.050001 2.628300
15.250001 7.350001 1.308000
-0.499999 1.350001 -2.066600
3.550001 5.300001 2.820600
2.550001 -5.949999 1.032200
14.550001 15.500001 -0.513100
9.200001 1.900001 -0.813600
-2.899999 2.400001 2.411700
9.600001 1.550001 -1.151000
15.650001 10.550001 1.414300
14.000001 -13.999999 -2.182900
13.000001 -11.949999 -2.590100
1.600001 7.400001 0.782200
10.400001 -5.949999 -0.362000
2.250001 -1.899999 2.467700
16.500001 12.950001 0.619300
18.150001 1.150001 1.479700
16.450001 -14.499999 2.874200
1.350001 -1.749999 -2.975300
-2.049999 1.700001 -0.768300
14.500001 16.450001 0.477900
0.750001 1.400001 2.382000
12.100001 -20.250000 0.443500
-3.799999 -0.149999 1.715100
13.100001 1.400001 -0.363900
14.250001 -15.449999 -1.005000
15.050001 5.450001 -2.787600
15.200001 -17.400000 -0.469100
11.400001 -12.049999 -1.251100
17.150001 -13.699999 -2.078100
19.200001 -0.549999 1.707900
9.350001 3.800001 1.645400
9.850001 -5.949999 -0.808400
16.700001 13.750001 1.359100
-1.399999 -6.299999 2.725600
15.150001 4.000001 -2.507300
19.950001 9.350001 -2.072400
4.700001 6.700001 -1.497100
16.250001 4.250001 0.240000
8.900001 2.550001 -2.740600
12.450001 -3.399999 -1.418900
-5.099999 -7.499999 0.297700
-0.699999 -6.599999 -1.271200
15.000001 -1.599999 1.621300
22.200001 1.600001 -1.794800
20.950001 2.700001 1.004700
-4.699999 -2.499999 -2.894600
20.100001 5.800001 2.052400
5.600001 3.600001 1.622200
-0.799999 -5.749999 0.807300
3.850001 -3.549999 -2.549100
14.700001 0.050001 -1.061700
-2.749999 4.250001 2.601200
-0.499999 -5.249999 -1.745500
14.450001 2.700001 -2.991300
7.550001 -1.199999 2.047800
4.150001 3.150001 0.970700
6.000001 5.400001 2.202300
0.850001 -7.199999 -1.595300
8.250001 -0.899999 0.985900
14.050001 -13.149999 -1.514500
16.550001 -11.849999 -1.294800
15.550001 10.600001 -0.039200
-0.749999 -6.749999 1.523200
16.650001 -14.549999 -2.137200
-1.899999 4.850001 0.161500
9.350001 -0.899999 -2.707000
10.500001 4.200001 2.161800
12.650001 -18.900000 -0.265800
18.150001 -13.249999 -1.297200
16.300001 -0.499999 0.667900
16.400001 -13.049999 -2.433200
11.050001 -7.149999 2.877100
11.500001 -15.699999 -1.423400
15.900001 -18.500000 -3.034700
4.250001 -0.899999 2.841700
13.950001 -19.700000 1.331700
11.250001 2.400001 2.033500
16.850001 8.250001 -2.000500
20.000001 0.900001 -2.727900
2.050001 0.600001 2.215300
1.850001 -6.149999 2.897500
12.300001 -14.649999 2.937300
-2.199999 -4.699999 -0.371700
-6.449999 -1.599999 -2.839200
-3.299999 6.550001 -1.283300
-5.549999 -1.899999 -1.994500
-1.799999 0.950001 -0.601400
13.750001 -7.149999 1.407900
2.850001 -5.049999 1.982800
15.900001 9.950001 0.002700
15.300001 -7.699999 -0.585900
15.750001 -0.849999 0.597000
-5.399999 -2.749999 1.073200
16.450001 6.500001 -0.067100
8.250001 -1.599999 -2.636600
18.400001 0.950001 -1.549000
9.900001 -1.599999 -1.079800
13.350001 -10.249999 -1.762600
12.850001 -3.749999 -2.171800
15.400001 8.800001 2.333700
14.050001 -1.699999 -1.442200
8.400001 1.650001 2.521000
9.450001 0.600001 0.477800
4.300001 2.400001 -2.255000
3.450001 -4.049999 -0.098800
12.550001 -3.749999 -2.285700
-1.249999 0.150001 -2.896900
18.000001 -19.000000 1.328100
16.900001 -20.650000 -0.663300
18.500001 -3.549999 1.074300
10.400001 -4.799999 -2.978100
8.350001 2.700001 -0.351200
4.950001 6.300001 -3.057200
20.300001 2.250001 2.856700
17.650001 10.950001 1.502600
17.950001 -8.499999 0.976300
16.550001 -4.349999 -1.704100
21.450001 -6.299999 2.898300
12.850001 5.150001 2.001700
20.600001 5.800001 0.600800
1.600001 -3.649999 1.596000
2.050001 -1.749999 2.987500
8.400001 -0.549999 2.624200
13.050001 -4.699999 0.808300
15.050001 2.400001 -1.084200
18.150001 3.750001 2.399900
2.300001 -0.599999 1.946500
16.400001 15.850001 2.574600
13.550001 -20.850000 -2.179000
16.250001 -0.349999 2.925000
-0.949999 0.200001 -1.041100
-6.399999 -6.449999 3.114800
14.650001 2.900001 2.034300
13.800001 -13.149999 -2.939800
