4.415001 -0.893999 0.319600
-7.486999 -7.960999 -1.081500
2.104001 1.004001 1.756300
9.850001 -7.746999 2.470900
15.880001 1.200001 2.935900
16.993001 -16.785000 2.710200
-5.043999 -4.652999 -0.024300
4.318001 6.958001 1.144200
9.261001 -2.591999 3.123500
3.904001 2.534001 -1.602700
12.747001 4.388001 2.110100
17.897001 -7.982999 2.002000
15.695001 -5.438999 -1.951900
11.988001 -14.731999 -2.641200
11.842001 -0.222999 1.602900
15.141001 14.739001 -1.701300
15.123001 4.659001 0.622600
16.300001 -8.273999 -2.809600
14.950001 -8.371999 -0.566200
11.853001 -10.301999 1.742800
14.344001 -1.817999 0.549400
18.480001 6.194001 1.326900
20.705001 3.331001 -0.014600
16.660001 13.705001 -0.020600
16.002001 -15.140999 2.294100
-0.085999 -3.433999 -0.789400
4.235001 -6.326999 0.574600
7.921001 -3.241999 1.474600
15.498001 2.789001 -2.934300
18.960001 5.499001 1.798900
5.652001 -6.060999 1.404700
-4.100999 -1.806999 -1.803700
2.887001 -4.547999 0.700900
10.735001 0.872001 -1.728600
1.004001 -4.635999 -3.071900
20.768001 -0.636999 0.178100
12.887001 -11.842999 -2.087000
11.506001 -9.709999 0.489300
11.295001 -19.437000 0.628300
15.352001 7.734001 2.199300
-3.840999 -1.632999 -2.870700
9.256001 -5.761999 2.813900
-1.048999 -3.176999 -1.590600
-3.593999 5.827001 -1.772300
18.616001 -6.859999 -1.110400
4.669001 -3.369999 -2.531100
-2.384999 -1.544999 0.431200
9.639001 -4.021999 -0.833200
4.003001 -2.713999 0.612300
14.600001 -17.815000 -1.388700
-0.691999 -5.730999 1.942100
12.683001 -11.272999 -1.470100
14.638001 7.707001 -0.191800
15.582001 -1.422999 -0.910300
-3.445999 -4.704999 0.886100
16.396001 3.511001 1.070600
-6.687999 -0.593999 -1.605100
15.888001 -13.151999 -1.150000
14.696001 -1.680999 -0.797100
2.807001 -4.722999 -1.965700
6.612001 1.332001 0.545800
13.369001 -18.913000 2.938400
3.754001 1.054001 1.931600
13.154001 -7.980999 -2.986700
13.958001 6.283001 2.592900
12.548001 -20.207000 -2.990100
5.750001 -5.993999 0.599500
18.333001 1.061001 1.133000
-4.736999 -3.271999 -2.528100
14.465001 -13.262999 0.147600
11.272001 -14.027999 3.060700
17.024001 -13.509999 -2.608600
6.993001 -5.004999 3.126400
17.611001 4.829001 1.915400
4.042001 -1.719999 1.448800
8.186001 1.097001 2.551600
9.505001 2.952001 -0.201500
20.853001 -5.687999 2.647000
21.583001 -0.340999 1.907000
18.782001 -18.885000 1.451500
9.997001 3.018001 1.407700
15.435001 -8.792999 -2.855900
21.285001 9.481001 -2.339100
-6.204999 -5.562999 0.124000
0.446001 -3.458999 0.501200
17.959001 -19.014000 1.145200
-6.293999 -7.683999 -1.103400
13.560001 -15.324999 2.935400
12.870001 5.006001 -0.898500
15.864001 -1.595999 -1.179200
19.012001 -2.595999 -2.005900
10.674001 -2.782999 -1.753100
13.055001 -5.271999 -2.317700
18.802001 0.096001 -2.650300
15.616001 3.109001 2.042000
14.646001 -17.446000 -0.917400
19.415001 6.047001 -0.332200
15.805001 6.874001 -1.841900
14.498001 -18.921000 2.118100
21.579001 -6.546999 -1.580100
11.185001 -0.534999 -0.520900
14.083001 14.964001 0.297500
12.967001 -16.528000 0.894900
14.065001 -7.720999 1.979700
17.350001 10.414001 0.419200
1.552001 -2.092999 -0.541300
0.192001 0.938001 0.443900
14.666001 -19.370000 -2.275700
-2.940999 0.228001 -2.727200
11.217001 -14.097999 2.629900
9.337001 3.038001 2.304000
18.277001 -8.162999 -0.896100
9.975001 -6.480999 0.916000
1.248001 -0.377999 1.611600
0.505001 -1.474999 2.335500
5.617001 -7.497999 -2.353200
1.892001 -6.245999 -1.117300
16.705001 -11.269999 2.746600
16.727001 7.413001 -2.086800
2.384001 -4.644999 -0.453500
12.774001 14.725001 -0.640800
4.161001 3.864001 -2.486800
11.082001 -1.524999 -1.326700
0.639001 -5.982999 -0.334100
15.526001 -13.917999 -2.270700
5.016001 2.099001 1.216300
16.340001 5.734001 0.831200
19.427001 7.597001 -0.940100
19.397001 6.553001 -1.076900
12.119001 -12.447999 -0.499500
16.341001 6.209001 2.354900
11.713001 -17.390000 -1.169200
19.480001 0.688001 -2.797700
-1.683999 7.359001 -2.592800
20.563001 -20.195000 -0.069500
14.768001 -9.910999 0.103400
9.272001 -0.407999 1.290800
-0.800999 -0.107999 0.741200
11.275001 -14.647999 -2.402200
16.542001 9.768001 0.405100
11.591001 -19.685000 1.276600
22.178001 1.228001 2.149900
9.715001 1.902001 0.090100
9.675001 -2.344999 -3.065700
-0.619999 7.307001 2.278400
1.175001 8.277001 -1.918100
14.299001 -8.768999 -1.698100
-2.859999 4.551001 2.097600
20.103001 5.354001 -0.740300
19.467001 -7.176999 -1.608900
9.912001 -7.090999 -2.199600
-0.853999 -0.620999 -2.054500
19.580001 8.266001 0.326700
14.489001 4.947001 1.435100
16.625001 -14.361999 3.110300
-5.034999 -1.811999 -1.808700
11.013001 -6.162999 3.022500
15.100001 13.421001 -2.426900
-6.768999 -5.429999 -1.819600
-6.942999 -7.390999 2.229300
9.035001 -4.174999 -1.348500
22.105001 6.929001 2.543500
12.114001 -19.738000 1.854800
10.952001 -1.733999 -1.157400
6.835001 -2.974999 0.191700
-5.974999 -7.508999 1.622400
0.141001 -1.800999 2.756100
17.308001 -14.094999 1.077100
12.563001 4.791001 1.008400
18.677001 8.899001 1.409200
17.805001 8.465001 0.325500
11.178001 -0.179999 2.651800
1.535001 0.753001 3.088700
-2.398999 3.659001 2.532400
12.394001 -18.830000 0.463100
1.048001 -6.460999 -2.214200
12.860001 1.807001 -1.048500
4.593001 5.929001 0.079700
17.915001 -12.024999 -0.745100
17.878001 11.948001 -3.052300
19.282001 -1.560999 -1.914600
-5.580999 -5.263999 -0.067100
6.593001 5.425001 -3.128100
19.841001 5.946001 0.682200
13.419001 -5.121999 -1.076600
14.615001 -8.218999 1.980300
15.970001 5.524001 0.160900
9.890001 -2.864999 -0.876900
17.718001 7.376001 3.032900
17.424001 13.154001 -2.408700
15.974001 -13.921999 -0.674700
13.032001 -13.290999 0.645600
14.006001 -14.920999 1.386100
8.924001 2.568001 2.396400
11.586001 -17.067000 -2.123800
1.133001 3.518001 -1.712600
20.506001 -5.745999 1.261300
4.816001 -2.799999 -2.857700
7.551001 -7.759999 -2.434900
15.037001 -10.386999 -1.438900
15.535001 2.051001 -1.134400
18.895001 -16.940000 0.441600
17.786001 -16.453000 2.154000
13.318001 -4.146999 3.042600
17.246001 -0.153999 2.577500
7.451001 -1.860999 -2.459300
13.008001 -9.852999 2.338500
-1.697999 -0.139999 -2.577300
17.654001 -20.076000 -2.094900
-0.992999 -0.836999 -1.297100
14.216001 -9.008999 -2.547800
13.551001 -20.025000 2.757600
-0.579999 0.734001 0.345500
21.194001 2.151001 -1.925100
17.448001 -13.560999 2.558500
-7.238999 -0.701999 -2.610500
-0.829999 6.603001 -0.728900
11.678001 -1.400999 -2.912000
19.669001 11.406001 -0.536100
11.290001 3.185001 2.912000
5.117001 0.145001 -0.258400
15.975001 12.423001 -0.633800
13.643001 -13.585999 -2.237500
15.514001 16.065001 -0.084300
19.736001 0.771001 1.053400
8.528001 -7.333999 -2.892000
15.593001 -15.538999 1.827700
17.900001 0.242001 -2.430400
11.666001 -2.089999 -0.473700
2.377001 -3.573999 -2.477400
3.530001 7.559001 -0.827100
19.515001 1.537001 0.994600
18.442001 4.135001 1.073900
10.069001 2.777001 -2.664500
5.429001 2.668001 -0.165100
13.382001 -3.575999 2.879300
10.831001 -2.648999 -2.758200
18.036001 -16.865000 -0.557100
16.089001 -18.425000 -2.434600
-0.298999 1.629001 -2.122100
11.546001 -1.987999 -1.695000
18.050001 -19.279000 -0.400100
-2.004999 4.787001 0.571100
14.397001 -7.423999 0.419600
5.881001 -6.489999 2.709900
-1.746999 -1.108999 0.715700
9.832001 0.719001 -2.917700
-0.266999 -2.940999 -1.469500
-1.265999 -2.093999 -0.111400
11.466001 -2.610999 2.571700
14.420001 -6.799999 0.975600
4.402001 1.218001 -1.276000
16.888001 7.916001 -0.468000
21.184001 -6.388999 -2.587800
12.030001 -20.119000 2.976600
1.138001 1.323001 2.819600
6.084001 1.462001 -1.384200
1.809001 -7.383999 1.972500
16.508001 5.393001 1.010700
15.474001 7.345001 2.619900
-0.168999 -6.209999 -0.732100
18.664001 -16.914000 -0.246900
12.610001 -13.238999 0.468000
-6.852999 -1.012999 -0.133500
-6.997999 -0.114999 2.138100
15.267001 1.295001 0.588300
16.161001 -13.673999 0.330300
-2.007999 -7.624999 3.026300
15.210001 -15.561999 -0.283900
19.156001 7.950001 -2.528000
-0.714999 -1.267999 1.088000
15.051001 -19.590000 0.726500
-1.188999 -7.323999 1.999200
4.208001 -1.633999 -1.752100
3.707001 5.333001 -3.007100
7.534001 0.284001 -0.170000
16.613001 5.002001 2.394100
18.408001 -7.218999 -2.752400
15.365001 -16.007999 -0.208800
-3.528999 -2.582999 -2.162800
2.524001 0.634001 -2.512200
15.807001 5.055001 1.753200
8.394001 2.525001 -0.230400
-3.719999 3.662001 0.263000
15.962001 13.068001 0.119500
18.877001 -7.828999 -2.506100
10.250001 1.842001 -1.842400
9.242001 -1.456999 0.246400
14.663001 -7.302999 -2.676900
2.903001 1.219001 -1.701400
5.670001 5.121001 1.791900
18.229001 6.413001 -2.382500
-3.063999 -1.479999 -1.452100
-3.381999 -0.710999 0.357500
-2.016999 -3.196999 1.396300
1.100001 7.236001 2.770800
11.468001 4.566001 1.166600
12.402001 -6.453999 1.423500
-1.760999 -6.959999 0.925300
17.783001 5.301001 -0.891200
4.126001 1.600001 1.827900
-7.151999 -7.717999 -0.415700
16.580001 -10.077999 0.315500
19.118001 -2.760999 -1.017500
15.313001 -18.134000 -3.039400
10.976001 -5.883999 1.343200
21.216001 5.946001 -0.247700
3.720001 1.707001 1.060200
-3.574999 -6.500999 2.278700
13.961001 -12.688999 -0.648400
19.525001 -18.906000 1.396300
18.852001 0.028001 1.784900
14.987001 16.021001 -1.811100
12.464001 -16.568000 1.763900
17.779001 4.467001 -0.267300
2.049001 6.951001 0.020000
10.038001 -4.384999 0.375800
18.808001 -5.925999 2.579400
0.883001 -3.438999 -1.560600
0.516001 1.255001 0.349900
16.656001 -18.781000 1.902400
6.095001 5.452001 -3.008600
7.995001 0.778001 -2.322900
-1.536999 -1.116999 1.022800
-2.494999 -7.609999 -1.134500
21.031001 -5.994999 1.934600
18.147001 -12.680999 -0.269300
-6.887999 -0.525999 1.320100
15.876001 -5.967999 1.873800
0.557001 1.424001 1.330100
19.133001 6.422001 2.389700
4.145001 7.281001 2.380600
15.997001 14.421001 -2.779400
0.367001 -3.084999 0.589300
0.205001 -0.024999 -2.327000
3.458001 5.532001 1.889000
17.358001 8.313001 0.808900
12.838001 -4.844999 2.652800
7.606001 -0.668999 1.466500
14.060001 5.710001 -0.336100
10.486001 -1.444999 -2.625700
1.468001 -4.698999 0.838800
11.939001 -18.390000 1.576700
13.614001 -13.325999 -2.752100
5.492001 -5.566999 2.189100
14.537001 -8.472999 0.445000
6.879001 -4.887999 0.802900
4.428001 0.325001 1.801300
11.859001 4.309001 -0.975800
-2.948999 -5.658999 -1.143300
16.345001 -16.456000 1.929600
13.575001 -7.241999 1.855300
-6.010999 -1.873999 -0.245500
11.862001 -5.042999 2.573800
-5.214999 -2.731999 -3.027700
12.933001 -16.313999 -0.026000
6.291001 2.810001 1.704300
0.593001 -7.362999 1.165400
3.869001 7.337001 2.643500
10.383001 -3.983999 -1.492600
-2.294999 1.319001 -0.776600
5.089001 -7.045999 -0.720900
-0.198999 -6.582999 -1.927100
8.603001 2.817001 0.030300
5.311001 -3.556999 -1.697700
-3.961999 -2.317999 0.246300
4.509001 -3.959999 -2.804700
-1.527999 -4.817999 -1.703400
15.904001 -12.954999 1.172500
19.263001 7.118001 0.606600
2.197001 6.709001 1.594800
15.761001 -13.702999 -0.063700
1.409001 -3.856999 1.045300
-3.716999 -6.477999 1.962300
14.352001 -8.496999 0.989700
21.024001 6.196001 2.452100
20.619001 1.642001 0.690800
17.149001 -3.887999 1.688700
11.734001 -4.833999 -2.264700
4.897001 6.118001 1.637200
-0.033999 6.968001 1.840900
1.655001 6.965001 2.773600
22.074001 -0.564999 -2.379800
6.711001 0.834001 -0.869900
9.139001 2.749001 -2.427700
-2.255999 1.997001 1.062400
14.834001 -1.959999 -1.202300
16.036001 0.908001 0.045400
5.301001 -0.126999 -2.630700
-2.179999 5.832001 1.930900
-3.056999 7.811001 -0.929800
12.855001 -5.129999 -0.131700
1.091001 1.589001 -2.532200
14.112001 14.197001 -2.247600
22.141001 -0.784999 2.113600
17.391001 2.906001 -1.624800
15.894001 -8.478999 -2.450300
17.128001 -13.503999 1.510700
14.665001 -6.528999 1.748400
5.802001 2.383001 -2.121400
18.283001 6.123001 -1.282800
-0.695999 0.395001 -2.464800
17.688001 -17.129000 0.650400
7.629001 -4.385999 0.318000
1.218001 5.229001 -2.874600
14.465001 0.034001 2.868200
17.963001 -19.333000 0.470500
19.943001 -2.561999 -2.345800
14.301001 1.785001 -0.584100
1.091001 -5.278999 1.933300
16.783001 -11.937999 -0.903600
13.691001 13.762001 -2.961700
4.372001 0.621001 0.773200
4.299001 4.749001 2.152400
1.193001 -4.195999 0.554500
13.313001 -9.681999 0.574500
5.753001 -1.048999 -1.930700
5.654001 4.032001 -1.998600
11.171001 -19.153000 2.176000
18.526001 5.120001 -0.234500
9.948001 1.062001 -2.805800
15.657001 -18.350000 0.301500
-2.414999 7.862001 3.054300
0.968001 -2.789999 -1.632300
7.001001 -2.351999 -1.242500
7.673001 -3.452999 1.906500
14.970001 1.062001 -0.572700
11.776001 0.693001 2.597200
19.540001 -2.845999 2.083700
20.281001 1.294001 0.515800
1.697001 -1.338999 3.110200
16.530001 -11.755999 -1.610600
-1.910999 -6.256999 -1.071900
20.906001 0.782001 -2.283500
-7.108999 -4.163999 1.675400
20.417001 7.225001 -1.218700
-0.366999 0.312001 -1.323300
9.497001 -1.654999 2.675200
16.234001 11.875001 -0.933500
13.704001 14.058001 -2.266800
11.093001 -2.393999 -2.126300
-2.213999 -1.618999 0.384600
5.897001 -2.431999 1.636600
15.854001 -10.253999 0.861000
15.089001 14.592001 -0.147500
10.503001 -2.906999 -0.510500
13.065001 0.618001 -1.389300
14.646001 11.305001 2.852600
-6.323999 -2.731999 -3.095700
15.873001 15.603001 -2.051800
-3.405999 -3.559999 0.481300
13.895001 -6.231999 -2.416400
18.840001 -3.253999 -1.861500
13.959001 -11.071999 2.714100
1.336001 -0.579999 1.833600
20.403001 1.757001 -1.313900
5.165001 6.759001 -0.327500
2.346001 -1.993999 2.661700
18.416001 1.299001 -1.889200
14.771001 -1.040999 -2.480500
0.279001 6.186001 0.893900
1.934001 -4.149999 -1.804300
15.058001 -15.890999 -1.244100
3.512001 0.944001 0.512900
16.621001 -13.925999 -1.475900
14.700001 -8.645999 -0.417100
18.587001 3.470001 -0.992100
14.557001 6.974001 0.234000
23.526001 0.727001 0.034000
15.388001 -13.409999 2.382700
9.923001 -0.193999 2.661100
1.923001 -6.769999 -1.062400
3.929001 -6.643999 -0.067100
15.024001 -18.025000 -0.436100
6.461001 -2.814999 -2.764300
13.519001 14.096001 0.001600
14.143001 15.075001 -0.450600
-3.606999 -5.942999 1.358600
11.412001 -14.312999 2.797300
0.072001 -0.039999 -2.074400
10.456001 3.642001 -2.269000
-2.081999 5.289001 -1.847500
18.992001 1.782001 0.384100
17.401001 14.403001 -0.639000
2.913001 1.843001 -2.883100
-0.569999 -6.221999 1.129800
13.255001 -10.263999 2.806600
11.190001 -12.551999 -2.076500
13.462001 -6.229999 2.953400
16.784001 -10.785999 2.399100
-0.669999 -6.655999 2.529700
7.771001 -1.761999 1.077300
2.698001 -4.433999 0.460300
4.978001 3.677001 -0.554800
2.806001 -1.561999 -0.574100
12.574001 -18.016000 -0.391700
21.833001 -20.055000 0.388100
9.776001 -6.148999 0.202600
13.845001 4.941001 2.064100
14.666001 3.055001 2.451100
17.938001 -8.704999 3.042900
-2.808999 1.976001 1.756900
11.405001 2.084001 -1.945700
-5.828999 -2.300999 1.786900
-6.657999 -5.923999 -0.210200
3.633001 -0.691999 -0.527800
11.634001 -14.605999 -2.897900
12.365001 -17.624000 1.340900
-0.945999 -0.451999 1.908900
16.888001 -17.856000 2.561200
11.533001 1.386001 1.685400
4.523001 4.849001 -1.001700
0.141001 -0.639999 -2.536200
5.037001 7.290001 3.089400
0.635001 -2.811999 -2.870900
-2.937999 7.664001 1.254900
15.928001 -8.528999 -0.380500
18.296001 5.092001 0.442900
1.484001 -4.005999 1.695200
12.518001 -5.481999 -2.866300
-2.022999 3.218001 -0.602200
-3.275999 4.399001 -3.025200
2.641001 -0.720999 -2.889700
16.557001 7.646001 -0.692300
16.012001 -12.246999 -1.722000
11.898001 -1.795999 -2.508000
10.094001 -4.019999 0.943200
21.127001 -6.601999 -1.900500
11.783001 -10.326999 -1.908200
17.833001 9.862001 0.625400
-3.456999 -0.584999 -1.633600
-2.206999 -6.046999 3.075600
-1.967999 -7.158999 -2.790200
1.690001 1.118001 -2.339400
6.031001 -5.653999 3.134800
-1.385999 2.151001 2.867000
10.396001 0.584001 1.182100
-1.717999 0.536001 0.098700
4.432001 -3.581999 0.413100
11.532001 0.374001 2.224000
-6.290999 -3.011999 -2.612600
9.078001 2.935001 -1.159400
1.171001 0.846001 -1.734300
10.976001 -5.293999 2.123200
15.250001 3.741001 -1.239400
21.060001 -6.533999 -0.316700
17.704001 -8.027999 -0.931700
16.601001 -11.931999 1.008600
7.922001 -6.577999 1.121600
1.947001 -6.032999 -2.606600
9.193001 -3.765999 -1.701100
18.453001 -3.295999 -0.105200
0.771001 -4.402999 -1.055800
1.120001 4.491001 3.081500
12.256001 15.114001 -2.350500
12.182001 -17.528000 1.325100
15.011001 -7.690999 1.790100
13.664001 -16.659000 3.074100
18.966001 -20.317000 -2.121100
20.450001 -0.196999 1.239600
-2.321999 -2.072999 -1.161500
19.628001 6.396001 -2.921700
18.341001 -18.515000 -0.100400
4.982001 4.042001 -1.748900
14.331001 11.979001 0.463800
14.971001 -8.684999 -2.662300
12.620001 -19.006000 2.928700
14.905001 -14.262999 -1.509000
15.072001 3.253001 0.708900
12.047001 3.464001 -2.655200
17.517001 9.911001 -2.350800
6.463001 -7.656999 -0.698900
10.392001 -0.920999 -0.269600
15.366001 8.749001 -2.036500
-1.321999 2.832001 -0.150000
9.575001 0.498001 -1.058000
2.617001 -5.799999 0.688700
9.497001 -4.430999 -2.636800
-1.764999 -1.497999 2.781000
20.810001 -0.219999 -1.935100
-6.537999 -1.398999 -1.498700
18.031001 9.917001 0.309600
12.439001 -6.937999 -2.034900
16.220001 -14.225999 2.102200
11.544001 -18.977000 3.022200
18.717001 -3.067999 -1.749900
16.432001 -10.524999 -1.969600
14.580001 4.597001 -0.000300
16.948001 -21.048000 1.361700
18.015001 -7.622999 -1.089900
13.148001 -13.307999 -2.206800
6.637001 -5.353999 1.029100
19.078001 -20.587000 -1.477700
18.085001 1.507001 0.250300
15.035001 7.055001 -0.243500
-2.088999 -2.967999 -2.821700
14.098001 -5.617999 -1.522100
-4.010999 -3.364999 -1.294700
6.852001 -3.374999 -2.747800
-1.458999 -6.137999 0.308000
10.406001 -3.419999 0.162700
0.106001 1.081001 -0.215300
-5.015999 -4.130999 2.398700
-1.251999 -5.123999 -3.101500
4.648001 5.894001 -0.814100
16.240001 14.436001 1.654800
12.854001 -7.711999 -0.231100
22.250001 -0.585999 -2.871200
11.896001 -12.158999 0.904000
10.239001 -0.573999 1.004100
12.213001 -14.049999 -0.870800
18.823001 10.436001 0.413100
8.951001 -1.106999 2.644000
14.893001 -19.079000 2.558400
-2.636999 6.178001 -0.529200
6.332001 -0.915999 -2.426800
15.912001 2.533001 -1.649200
10.945001 -13.371999 1.610200
-4.938999 -2.868999 0.053200
23.273001 0.442001 -2.158400
17.626001 -17.265000 -1.833900
3.348001 -7.764999 2.490100
20.032001 -2.488999 1.623800
-1.781999 7.289001 2.022800
-0.118999 7.387001 0.682700
4.593001 -5.724999 -3.139785
9.833001 -1.064999 -0.653800
8.418001 -6.984999 -0.014500
1.794001 -1.416999 -1.224200
1.938001 -0.492999 1.623000
11.620001 -18.896000 -1.755700
16.688001 -14.914999 -1.253900
12.306001 15.569001 -0.655000
-2.370999 -7.020999 -0.762300
22.795001 0.170001 -0.219200
6.286001 -5.028999 2.892400
13.901001 -5.911999 2.659800
1.870001 -1.022999 0.032700
13.654001 -7.171999 0.554800
8.207001 -6.312999 0.875800
13.383001 14.632001 -0.337200
15.837001 6.036001 -0.928700
-1.865999 -3.611999 -1.769800
0.333001 0.150001 -1.294100
13.894001 5.166001 2.595600
-0.232999 -1.449999 -2.029100
16.343001 5.637001 -0.140800
13.329001 -3.120999 2.469000
5.671001 -6.117999 -2.873400
17.089001 -13.701999 -1.056100
4.259001 -4.730999 0.362100
19.448001 -6.318999 -1.139300
18.162001 6.745001 -1.637500
-7.396999 -7.723999 0.423100
-5.153999 -1.381999 2.668400
2.019001 -1.389999 -3.123385
12.118001 -5.109999 -1.143900
14.185001 -14.361999 -2.282300
9.438001 -6.362999 -0.168600
19.079001 8.746001 -1.054200
-5.576999 -4.200999 1.546300
-6.507999 -3.226999 -0.283500
13.333001 0.521001 0.276700
6.118001 -3.188999 1.454700
20.485001 -1.274999 1.983100
18.262001 -3.813999 -0.678400
12.869001 -13.326999 1.531300
12.399001 -2.849999 0.116300
-0.251999 -6.536999 0.970800
5.782001 4.057001 -0.135900
17.866001 -20.641000 1.362000
-3.396999 3.393001 2.799400
2.354001 -3.759999 2.433900
17.833001 7.214001 -2.747100
0.878001 -7.130999 2.344100
11.366001 -1.148999 -1.168900
19.701001 5.501001 1.661900
-3.182999 5.091001 -1.807300
9.214001 -3.263999 2.095500
12.267001 -20.506000 2.506500
2.259001 7.487001 -3.135000
15.345001 12.549001 1.080600
-0.320999 -6.802999 -2.887100
13.738001 -15.453999 1.368000
14.266001 6.388001 2.760800
12.054001 1.121001 1.563400
19.377001 2.448001 2.392300
3.539001 -1.194999 -1.244700
-2.341999 6.561001 1.526200
20.912001 -6.648999 -0.927100
9.767001 1.624001 -1.346500
18.458001 7.482001 2.718900
2.237001 -3.305999 1.192300
20.020001 1.397001 0.583400
1.250001 3.884001 -2.785800
-3.519999 2.976001 1.241700
8.177001 -5.221999 2.543600
2.440001 -6.452999 1.921300
19.658001 1.766001 2.400500
16.575001 -13.465999 1.377500
4.627001 4.014001 -0.975000
0.492001 -2.755999 0.363500
15.586001 15.582001 -2.770500
16.836001 -13.801999 2.128600
12.136001 -8.595999 1.371000
-6.901999 -3.871999 0.025400
3.298001 1.346001 2.090500
11.388001 -9.658999 2.189200
2.153001 -1.263999 -2.142500
-0.488999 0.073001 2.451900
2.067001 -3.029999 -0.997000
14.976001 4.935001 -2.585400
14.185001 -4.530999 -1.971800
-6.927999 -6.548999 -0.664000
16.944001 -12.022999 1.224300
5.344001 -0.744999 -1.303800
14.481001 13.472001 0.279100
15.833001 -13.216999 3.056100
13.805001 -11.550999 -0.252200
7.178001 3.084001 2.454200
20.093001 -6.087999 -1.850500
3.387001 -6.881999 0.370800
11.343001 -3.309999 2.368400
7.719001 2.759001 -0.928400
5.509001 1.232001 2.632300
0.003001 -3.104999 0.713900
5.447001 -4.825999 0.912600
21.576001 0.574001 1.957900
13.063001 -9.028999 -2.542700
14.038001 -6.217999 -1.643800
9.922001 0.138001 2.520000
14.753001 -18.531000 -2.016100
15.713001 -6.981999 -0.632400
3.754001 5.117001 2.199000
7.393001 0.690001 -0.637700
-2.241999 6.309001 0.840700
2.555001 6.856001 0.966900
5.453001 -2.998999 -0.320900
3.987001 -4.261999 1.299800
15.430001 13.532001 -2.770200
21.459001 0.366001 -1.715900
2.417001 1.875001 -0.866100
17.191001 6.060001 -2.695500
3.956001 -0.019999 1.796100
17.839001 -13.443999 -0.666800
13.920001 13.839001 -0.653600
22.537001 0.920001 -2.678500
12.162001 -11.968999 1.891900
11.669001 -5.865999 1.435600
17.298001 -4.066999 0.406400
0.192001 -0.507999 2.613100
5.598001 3.814001 1.028200
13.487001 -6.890999 -0.514700
-1.470999 2.274001 0.664100
16.062001 15.824001 -2.481900
0.983001 0.565001 -0.557800
5.878001 0.619001 3.101200
17.988001 8.380001 1.239900
14.426001 13.635001 2.669500
8.518001 -3.284999 0.754900
0.540001 -2.398999 1.225200
13.201001 -8.479999 0.179500
13.757001 2.388001 -2.285600
14.680001 -17.041000 2.597800
15.118001 1.083001 2.562900
14.479001 -20.735000 0.436400
4.120001 0.633001 2.579000
16.538001 13.862001 -2.598400
-0.644999 7.125001 2.576000
5.953001 0.412001 1.315600
16.779001 -10.005999 -0.275700
12.630001 1.293001 0.322600
13.968001 -13.272999 -1.332400
11.115001 -19.184000 0.736800
11.065001 2.626001 -0.075800
6.721001 5.073001 -0.154400
16.809001 5.559001 1.929100
-2.048999 -1.180999 -1.352200
16.006001 13.112001 2.391400
16.272001 -17.302000 1.750300
-1.339999 -5.946999 -1.748100
3.421001 -3.211999 -2.761600
3.508001 5.325001 -2.720300
-2.324999 -2.501999 -1.545700
13.801001 -9.612999 -1.351200
20.678001 6.572001 -2.462100
16.747001 9.068001 -1.050100
13.071001 -6.461999 1.552300
7.544001 -1.209999 0.334300
13.768001 2.169001 -2.918900
13.245001 -3.964999 2.672500
17.964001 -3.604999 1.646200
18.688001 -13.655999 -0.382700
14.805001 -7.197999 -0.341200
14.288001 -8.524999 2.411300
21.604001 -0.178999 -2.278200
15.064001 -15.727999 1.276400
19.553001 -2.983999 -2.350600
-3.730999 -6.326999 -0.669700
0.009001 -1.574999 0.623200
3.926001 -0.642999 1.141900
13.727001 -19.596000 2.144900
18.173001 8.864001 -1.497500
-3.790999 -4.624999 -2.199800
9.934001 -5.599999 1.183600
16.176001 9.039001 -0.852800
17.384001 -13.576999 -2.329200
18.999001 9.579001 0.930200
8.945001 -2.139999 -1.120800
12.215001 -18.575000 0.539700
-1.723999 3.656001 -0.808200
21.691001 7.983001 2.405700
1.821001 7.669001 -2.738200
7.059001 5.132001 -2.119300
-2.948999 -4.880999 -2.896700
14.355001 -11.601999 -1.818100
18.475001 -17.179000 0.825600
6.109001 -3.044999 0.871100
15.501001 -6.965999 -1.244900
16.436001 -9.536999 -0.956800
13.912001 -17.479000 -0.704100
6.502001 0.527001 -1.551400
14.507001 14.898001 0.976700
16.497001 2.894001 -2.807200
8.179001 -1.775999 -2.556400
0.980001 5.414001 -1.537900
14.772001 13.644001 -0.204900
17.314001 -12.089999 -2.663300
14.436001 -0.452999 3.070400
16.850001 12.676001 0.838700
16.907001 12.454001 -0.808100
15.643001 3.270001 -0.257000
20.265001 1.841001 0.811600
10.842001 4.187001 1.445300
8.176001 2.010001 3.098900
15.034001 -12.971999 -1.724300
-7.119999 -4.664999 -2.075200
9.415001 -1.667999 -1.134100
11.337001 -19.268000 1.098000
5.461001 2.387001 1.592300
13.668001 15.724001 -0.271000
18.037001 13.277001 -3.115000
2.611001 -6.171999 2.920800
11.511001 -10.536999 -2.776000
3.476001 -3.185999 0.125600
16.149001 -19.822000 -0.463600
6.079001 3.894001 2.867100
14.679001 -5.551999 2.575400
13.327001 -8.039999 -0.831800
9.521001 3.587001 0.679700
11.739001 -13.669999 3.097600
16.579001 -8.672999 -2.626900
16.876001 -0.833999 -2.754700
6.176001 3.388001 -0.628800
18.791001 -7.428999 -1.009400
0.849001 -3.307999 0.628300
20.466001 1.600001 -1.046300
13.714001 14.717001 1.389900
9.815001 3.986001 -3.116600
13.008001 -6.761999 1.828700
3.981001 -2.462999 2.153200
18.853001 -17.979000 1.824000
0.409001 -7.224999 -0.720500
17.262001 5.708001 -0.862900
16.352001 -20.876000 -1.232700
4.709001 5.305001 2.613300
15.445001 7.157001 1.262000
-0.534999 1.349001 -2.077600
3.489001 5.488001 2.838600
2.825001 -6.090999 1.007200
14.508001 15.632001 -0.527100
8.996001 1.732001 -0.809600
-3.121999 2.349001 2.462700
9.640001 1.459001 -1.140000
15.410001 10.501001 1.376300
13.926001 -13.953999 -2.203900
13.092001 -11.657999 -2.553100
1.854001 7.546001 0.784200
10.129001 -5.795999 -0.316000
2.481001 -2.081999 2.509700
16.253001 12.702001 0.607300
17.989001 1.270001 1.446700
16.355001 -14.320999 2.895200
1.377001 -1.841999 -2.992300
-2.076999 1.604001 -0.776300
14.211001 16.242001 0.484900
1.035001 1.272001 2.335000
12.197001 -20.521000 0.465500
-3.772999 -0.393999 1.678100
12.963001 1.613001 -0.339900
14.071001 -15.196999 -1.041000
14.810001 5.494001 -2.838600
14.941001 -17.215000 -0.506100
11.225001 -12.039999 -1.256100
17.324001 -13.443999 -2.089100
19.337001 -0.803999 1.750900
9.354001 3.670001 1.649400
9.689001 -5.790999 -0.836400
16.560001 13.708001 1.409100
-1.326999 -6.188999 2.757600
15.012001 3.889001 -2.522300
20.009001 9.620001 -2.090400
4.922001 6.557001 -1.447100
16.439001 4.412001 0.249000
9.114001 2.822001 -2.717600
12.401001 -3.281999 -1.444900
-5.358999 -7.425999 0.298700
-0.556999 -6.720999 -1.300200
15.093001 -1.670999 1.607300
21.914001 1.696001 -1.772800
21.222001 2.682001 0.991700
-4.866999 -2.266999 -2.862600
20.139001 6.098001 2.029400
5.703001 3.545001 1.671200
-0.581999 -5.681999 0.797300
3.673001 -3.287999 -2.576100
14.490001 0.278001 -1.031700
-2.997999 4.520001 2.599200
-0.762999 -5.349999 -1.742500
14.390001 2.693001 -3.027300
7.646001 -1.496999 2.012800
4.335001 3.322001 0.969700
6.105001 5.174001 2.198300
0.640001 -7.139999 -1.562300
8.213001 -1.137999 0.945900
14.317001 -13.135999 -1.505500
16.800001 -11.679999 -1.313800
15.394001 10.356001 -0.077200
-0.702999 -6.704999 1.549200
16.797001 -14.783999 -2.138200
-1.743999 4.888001 0.184500
9.090001 -1.062999 -2.724000
10.255001 4.433001 2.179800
12.469001 -18.959000 -0.273800
17.891001 -13.524999 -1.323200
16.274001 -0.472999 0.640900
16.194001 -13.282999 -2.479200
10.768001 -7.039999 2.881100
11.307001 -15.625999 -1.406400
15.749001 -18.547000 -3.052700
4.022001 -0.918999 2.871700
14.120001 -19.968000 1.331700
11.328001 2.113001 2.064500
17.030001 8.198001 -2.005500
19.999001 0.976001 -2.733900
2.145001 0.769001 2.209300
2.128001 -6.429999 2.931500
12.018001 -14.355999 2.931300
-2.248999 -4.763999 -0.402700
-6.560999 -1.493999 -2.870200
-3.438999 6.427001 -1.237300
-5.611999 -1.662999 -1.955500
-1.928999 0.790001 -0.622400
13.715001 -6.914999 1.402900
2.946001 -5.272999 2.031800
16.131001 10.212001 -0.007300
15.083001 -7.610999 -0.593900
15.700001 -0.668999 0.575000
-5.297999 -2.502999 1.052200
16.402001 6.254001 -0.034100
7.976001 -1.812999 -2.614600
18.211001 1.142001 -1.516000
10.137001 -1.324999 -1.085800
13.118001 -10.099999 -1.753600
12.855001 -3.936999 -2.191800
15.183001 8.843001 2.347700
14.149001 -1.410999 -1.455200
8.196001 1.467001 2.524000
9.410001 0.417001 0.460800
4.257001 2.259001 -2.284000
3.370001 -3.751999 -0.112800
12.347001 -3.832999 -2.318700
-1.501999 0.247001 -2.883900
18.113001 -18.852000 1.370100
16.933001 -20.406000 -0.711300
18.281001 -3.842999 1.089300
10.408001 -4.883999 -2.938100
8.534001 2.784001 -0.311200
4.878001 6.148001 -3.079200
20.071001 2.413001 2.901700
17.390001 11.192001 1.491600
17.790001 -8.420999 0.999300
16.696001 -4.158999 -1.665100
21.295001 -6.137999 2.905300
12.813001 5.418001 2.029700
20.374001 6.030001 0.578800
1.847001 -3.389999 1.565000
2.132001 -1.472999 2.954500
8.579001 -0.539999 2.604200
12.755001 -4.873999 0.811300
15.192001 2.122001 -1.096200
18.165001 3.718001 2.435900
2.524001 -0.863999 1.987500
16.562001 15.771001 2.527600
13.456001 -20.675000 -2.187000
16.439001 -0.339999 2.956000
-1.207999 0.291001 -1.020100
-6.103999 -6.586999 3.085800
14.782001 2.869001 1.990300
14.047001 -12.920999 -2.956800
