0.000000 0.000000 0.470000
0.000000 0.050000 0.062000
0.000000 0.100000 0.033000
0.000000 0.150000 0.032000
0.000000 0.200000 0.016000
0.000000 0.250000 0.021000
0.000000 0.300000 0.021000
0.000000 0.350000 0.025000
0.000000 0.400000 0.021000
0.000000 0.450000 0.024000
0.000000 0.500000 0.016000
0.000000 0.550000 0.023000
0.000000 0.600000 0.012000
0.000000 0.650000 0.018000
0.000000 0.700000 0.016000
0.000000 0.750000 0.025000
0.000000 0.800000 0.014000
0.000000 0.850000 0.029000
0.000000 0.900000 0.046000
0.000000 0.950000 0.075000
0.000000 1.000000 0.075000

0.050000 0.000000 0.448400
0.050000 0.050000 0.060000
0.050000 0.100000 0.032150
0.050000 0.150000 0.031000
0.050000 0.200000 0.015900
0.050000 0.250000 0.020650
0.050000 0.300000 0.020650
0.050000 0.350000 0.024550
0.050000 0.400000 0.020900
0.050000 0.450000 0.023900
0.050000 0.500000 0.015550
0.050000 0.550000 0.022950
0.050000 0.600000 0.012400
0.050000 0.650000 0.018150
0.050000 0.700000 0.017150
0.050000 0.750000 0.025500
0.050000 0.800000 0.015350
0.050000 0.850000 0.030850
0.050000 0.900000 0.049850
0.050000 0.950000 0.092700
0.050000 1.000000 0.092700

0.100000 0.000000 0.426800
0.100000 0.050000 0.058000
0.100000 0.100000 0.031300
0.100000 0.150000 0.030000
0.100000 0.200000 0.015800
0.100000 0.250000 0.020300
0.100000 0.300000 0.020300
0.100000 0.350000 0.024100
0.100000 0.400000 0.020800
0.100000 0.450000 0.023800
0.100000 0.500000 0.015100
0.100000 0.550000 0.022900
0.100000 0.600000 0.012800
0.100000 0.650000 0.018300
0.100000 0.700000 0.018300
0.100000 0.750000 0.026000
0.100000 0.800000 0.016700
0.100000 0.850000 0.032700
0.100000 0.900000 0.053700
0.100000 0.950000 0.110400
0.100000 1.000000 0.110400

0.150000 0.000000 0.405200
0.150000 0.050000 0.056000
0.150000 0.100000 0.030450
0.150000 0.150000 0.029000
0.150000 0.200000 0.015700
0.150000 0.250000 0.019950
0.150000 0.300000 0.019950
0.150000 0.350000 0.023650
0.150000 0.400000 0.020700
0.150000 0.450000 0.023700
0.150000 0.500000 0.014650
0.150000 0.550000 0.022850
0.150000 0.600000 0.013200
0.150000 0.650000 0.018450
0.150000 0.700000 0.019450
0.150000 0.750000 0.026500
0.150000 0.800000 0.018050
0.150000 0.850000 0.034550
0.150000 0.900000 0.057550
0.150000 0.950000 0.128100
0.150000 1.000000 0.128100

0.200000 0.000000 0.383600
0.200000 0.050000 0.054000
0.200000 0.100000 0.029600
0.200000 0.150000 0.028000
0.200000 0.200000 0.015600
0.200000 0.250000 0.019600
0.200000 0.300000 0.019600
0.200000 0.350000 0.023200
0.200000 0.400000 0.020600
0.200000 0.450000 0.023600
0.200000 0.500000 0.014200
0.200000 0.550000 0.022800
0.200000 0.600000 0.013600
0.200000 0.650000 0.018600
0.200000 0.700000 0.020600
0.200000 0.750000 0.027000
0.200000 0.800000 0.019400
0.200000 0.850000 0.036400
0.200000 0.900000 0.061400
0.200000 0.950000 0.145800
0.200000 1.000000 0.145800

0.250000 0.000000 0.362000
0.250000 0.050000 0.052000
0.250000 0.100000 0.028750
0.250000 0.150000 0.027000
0.250000 0.200000 0.015500
0.250000 0.250000 0.019250
0.250000 0.300000 0.019250
0.250000 0.350000 0.022750
0.250000 0.400000 0.020500
0.250000 0.450000 0.023500
0.250000 0.500000 0.013750
0.250000 0.550000 0.022750
0.250000 0.600000 0.014000
0.250000 0.650000 0.018750
0.250000 0.700000 0.021750
0.250000 0.750000 0.027500
0.250000 0.800000 0.020750
0.250000 0.850000 0.038250
0.250000 0.900000 0.065250
0.250000 0.950000 0.163500
0.250000 1.000000 0.163500

0.300000 0.000000 0.340400
0.300000 0.050000 0.050000
0.300000 0.100000 0.027900
0.300000 0.150000 0.026000
0.300000 0.200000 0.015400
0.300000 0.250000 0.018900
0.300000 0.300000 0.018900
0.300000 0.350000 0.022300
0.300000 0.400000 0.020400
0.300000 0.450000 0.023400
0.300000 0.500000 0.013300
0.300000 0.550000 0.022700
0.300000 0.600000 0.014400
0.300000 0.650000 0.018900
0.300000 0.700000 0.022900
0.300000 0.750000 0.028000
0.300000 0.800000 0.022100
0.300000 0.850000 0.040100
0.300000 0.900000 0.069100
0.300000 0.950000 0.181200
0.300000 1.000000 0.181200

0.350000 0.000000 0.318800
0.350000 0.050000 0.048000
0.350000 0.100000 0.027050
0.350000 0.150000 0.025000
0.350000 0.200000 0.015300
0.350000 0.250000 0.018550
0.350000 0.300000 0.018550
0.350000 0.350000 0.021850
0.350000 0.400000 0.020300
0.350000 0.450000 0.023300
0.350000 0.500000 0.012850
0.350000 0.550000 0.022650
0.350000 0.600000 0.014800
0.350000 0.650000 0.019050
0.350000 0.700000 0.024050
0.350000 0.750000 0.028500
0.350000 0.800000 0.023450
0.350000 0.850000 0.041950
0.350000 0.900000 0.072950
0.350000 0.950000 0.198900
0.350000 1.000000 0.198900

0.400000 0.000000 0.297200
0.400000 0.050000 0.046000
0.400000 0.100000 0.026200
0.400000 0.150000 0.024000
0.400000 0.200000 0.015200
0.400000 0.250000 0.018200
0.400000 0.300000 0.018200
0.400000 0.350000 0.021400
0.400000 0.400000 0.020200
0.400000 0.450000 0.023200
0.400000 0.500000 0.012400
0.400000 0.550000 0.022600
0.400000 0.600000 0.015200
0.400000 0.650000 0.019200
0.400000 0.700000 0.025200
0.400000 0.750000 0.029000
0.400000 0.800000 0.024800
0.400000 0.850000 0.043800
0.400000 0.900000 0.076800
0.400000 0.950000 0.216600
0.400000 1.000000 0.216600

0.450000 0.000000 0.275600
0.450000 0.050000 0.044000
0.450000 0.100000 0.025350
0.450000 0.150000 0.023000
0.450000 0.200000 0.015100
0.450000 0.250000 0.017850
0.450000 0.300000 0.017850
0.450000 0.350000 0.020950
0.450000 0.400000 0.020100
0.450000 0.450000 0.023100
0.450000 0.500000 0.011950
0.450000 0.550000 0.022550
0.450000 0.600000 0.015600
0.450000 0.650000 0.019350
0.450000 0.700000 0.026350
0.450000 0.750000 0.029500
0.450000 0.800000 0.026150
0.450000 0.850000 0.045650
0.450000 0.900000 0.080650
0.450000 0.950000 0.234300
0.450000 1.000000 0.234300

0.500000 0.000000 0.254000
0.500000 0.050000 0.042000
0.500000 0.100000 0.024500
0.500000 0.150000 0.022000
0.500000 0.200000 0.015000
0.500000 0.250000 0.017500
0.500000 0.300000 0.017500
0.500000 0.350000 0.020500
0.500000 0.400000 0.020000
0.500000 0.450000 0.023000
0.500000 0.500000 0.011500
0.500000 0.550000 0.022500
0.500000 0.600000 0.016000
0.500000 0.650000 0.019500
0.500000 0.700000 0.027500
0.500000 0.750000 0.030000
0.500000 0.800000 0.027500
0.500000 0.850000 0.047500
0.500000 0.900000 0.084500
0.500000 0.950000 0.252000
0.500000 1.000000 0.252000

0.550000 0.000000 0.232400
0.550000 0.050000 0.040000
0.550000 0.100000 0.023650
0.550000 0.150000 0.021000
0.550000 0.200000 0.014900
0.550000 0.250000 0.017150
0.550000 0.300000 0.017150
0.550000 0.350000 0.020050
0.550000 0.400000 0.019900
0.550000 0.450000 0.022900
0.550000 0.500000 0.011050
0.550000 0.550000 0.022450
0.550000 0.600000 0.016400
0.550000 0.650000 0.019650
0.550000 0.700000 0.028650
0.550000 0.750000 0.030500
0.550000 0.800000 0.028850
0.550000 0.850000 0.049350
0.550000 0.900000 0.088350
0.550000 0.950000 0.269700
0.550000 1.000000 0.269700

0.600000 0.000000 0.210800
0.600000 0.050000 0.038000
0.600000 0.100000 0.022800
0.600000 0.150000 0.020000
0.600000 0.200000 0.014800
0.600000 0.250000 0.016800
0.600000 0.300000 0.016800
0.600000 0.350000 0.019600
0.600000 0.400000 0.019800
0.600000 0.450000 0.022800
0.600000 0.500000 0.010600
0.600000 0.550000 0.022400
0.600000 0.600000 0.016800
0.600000 0.650000 0.019800
0.600000 0.700000 0.029800
0.600000 0.750000 0.031000
0.600000 0.800000 0.030200
0.600000 0.850000 0.051200
0.600000 0.900000 0.092200
0.600000 0.950000 0.287400
0.600000 1.000000 0.287400

0.650000 0.000000 0.189200
0.650000 0.050000 0.036000
0.650000 0.100000 0.021950
0.650000 0.150000 0.019000
0.650000 0.200000 0.014700
0.650000 0.250000 0.016450
0.650000 0.300000 0.016450
0.650000 0.350000 0.019150
0.650000 0.400000 0.019700
0.650000 0.450000 0.022700
0.650000 0.500000 0.010150
0.650000 0.550000 0.022350
0.650000 0.600000 0.017200
0.650000 0.650000 0.019950
0.650000 0.700000 0.030950
0.650000 0.750000 0.031500
0.650000 0.800000 0.031550
0.650000 0.850000 0.053050
0.650000 0.900000 0.096050
0.650000 0.950000 0.305100
0.650000 1.000000 0.305100

0.700000 0.000000 0.167600
0.700000 0.050000 0.034000
0.700000 0.100000 0.021100
0.700000 0.150000 0.018000
0.700000 0.200000 0.014600
0.700000 0.250000 0.016100
0.700000 0.300000 0.016100
0.700000 0.350000 0.018700
0.700000 0.400000 0.019600
0.700000 0.450000 0.022600
0.700000 0.500000 0.009700
0.700000 0.550000 0.022300
0.700000 0.600000 0.017600
0.700000 0.650000 0.020100
0.700000 0.700000 0.032100
0.700000 0.750000 0.032000
0.700000 0.800000 0.032900
0.700000 0.850000 0.054900
0.700000 0.900000 0.099900
0.700000 0.950000 0.322800
0.700000 1.000000 0.322800

0.750000 0.000000 0.146000
0.750000 0.050000 0.032000
0.750000 0.100000 0.020250
0.750000 0.150000 0.017000
0.750000 0.200000 0.014500
0.750000 0.250000 0.015750
0.750000 0.300000 0.015750
0.750000 0.350000 0.018250
0.750000 0.400000 0.019500
0.750000 0.450000 0.022500
0.750000 0.500000 0.009250
0.750000 0.550000 0.022250
0.750000 0.600000 0.018000
0.750000 0.650000 0.020250
0.750000 0.700000 0.033250
0.750000 0.750000 0.032500
0.750000 0.800000 0.034250
0.750000 0.850000 0.056750
0.750000 0.900000 0.103750
0.750000 0.950000 0.340500
0.750000 1.000000 0.340500

0.800000 0.000000 0.124400
0.800000 0.050000 0.030000
0.800000 0.100000 0.019400
0.800000 0.150000 0.016000
0.800000 0.200000 0.014400
0.800000 0.250000 0.015400
0.800000 0.300000 0.015400
0.800000 0.350000 0.017800
0.800000 0.400000 0.019400
0.800000 0.450000 0.022400
0.800000 0.500000 0.008800
0.800000 0.550000 0.022200
0.800000 0.600000 0.018400
0.800000 0.650000 0.020400
0.800000 0.700000 0.034400
0.800000 0.750000 0.033000
0.800000 0.800000 0.035600
0.800000 0.850000 0.058600
0.800000 0.900000 0.107600
0.800000 0.950000 0.358200
0.800000 1.000000 0.358200

0.850000 0.000000 0.102800
0.850000 0.050000 0.028000
0.850000 0.100000 0.018550
0.850000 0.150000 0.015000
0.850000 0.200000 0.014300
0.850000 0.250000 0.015050
0.850000 0.300000 0.015050
0.850000 0.350000 0.017350
0.850000 0.400000 0.019300
0.850000 0.450000 0.022300
0.850000 0.500000 0.008350
0.850000 0.550000 0.022150
0.850000 0.600000 0.018800
0.850000 0.650000 0.020550
0.850000 0.700000 0.035550
0.850000 0.750000 0.033500
0.850000 0.800000 0.036950
0.850000 0.850000 0.060450
0.850000 0.900000 0.111450
0.850000 0.950000 0.375900
0.850000 1.000000 0.375900

0.900000 0.000000 0.081200
0.900000 0.050000 0.026000
0.900000 0.100000 0.017700
0.900000 0.150000 0.014000
0.900000 0.200000 0.014200
0.900000 0.250000 0.014700
0.900000 0.300000 0.014700
0.900000 0.350000 0.016900
0.900000 0.400000 0.019200
0.900000 0.450000 0.022200
0.900000 0.500000 0.007900
0.900000 0.550000 0.022100
0.900000 0.600000 0.019200
0.900000 0.650000 0.020700
0.900000 0.700000 0.036700
0.900000 0.750000 0.034000
0.900000 0.800000 0.038300
0.900000 0.850000 0.062300
0.900000 0.900000 0.115300
0.900000 0.950000 0.393600
0.900000 1.000000 0.393600

0.950000 0.000000 0.059600
0.950000 0.050000 0.024000
0.950000 0.100000 0.016850
0.950000 0.150000 0.013000
0.950000 0.200000 0.014100
0.950000 0.250000 0.014350
0.950000 0.300000 0.014350
0.950000 0.350000 0.016450
0.950000 0.400000 0.019100
0.950000 0.450000 0.022100
0.950000 0.500000 0.007450
0.950000 0.550000 0.022050
0.950000 0.600000 0.019600
0.950000 0.650000 0.020850
0.950000 0.700000 0.037850
0.950000 0.750000 0.034500
0.950000 0.800000 0.039650
0.950000 0.850000 0.064150
0.950000 0.900000 0.119150
0.950000 0.950000 0.411300
0.950000 1.000000 0.411300

1.000000 0.000000 0.038000
1.000000 0.050000 0.022000
1.000000 0.100000 0.016000
1.000000 0.150000 0.012000
1.000000 0.200000 0.014000
1.000000 0.250000 0.014000
1.000000 0.300000 0.014000
1.000000 0.350000 0.016000
1.000000 0.400000 0.019000
1.000000 0.450000 0.022000
1.000000 0.500000 0.007000
1.000000 0.550000 0.022000
1.000000 0.600000 0.020000
1.000000 0.650000 0.021000
1.000000 0.700000 0.039000
1.000000 0.750000 0.035000
1.000000 0.800000 0.041000
1.000000 0.850000 0.066000
1.000000 0.900000 0.123000
1.000000 0.950000 0.429000
1.000000 1.000000 0.429000

