0.005138
0.773531
0.989958
0.001910
0.853962
0.005398
0.479621
0.863378
0.693872
0.512829
0.049876
0.393291
0.842733
0.357632
0.644762
0.253957
0.360213
0.021208
0.637577
0.066833
0.012720
0.172279
0.991344
0.672024
0.004307
0.010062
0.011079
0.000398
0.149878
0.365696
0.642942
0.052500
0.420987
0.435133
0.000773
0.767817
0.005362
0.009030
0.953163
0.978097
0.001215
0.142269
0.025756
0.049843
0.006153
0.012980
0.855521
0.761649
0.000421
0.000359
0.409942
0.004077
0.233860
0.014839
0.988825
0.000851
0.062113
0.030919
0.554117
0.082814
0.001457
0.901791
0.004973
0.002138
0.003418
0.093576
0.007326
0.940325
0.492762
0.993136
0.003017
0.021630
0.011107
0.883729
0.006465
0.002217
0.000976
0.346610
0.002076
0.000396
0.062450
0.003348
0.987049
0.341921
0.057466
0.002388
0.006132
0.001357
0.167055
0.888975
0.006162
0.000794
0.000682
0.677091
0.324418
0.972852
0.887868
0.684304
0.000538
0.953284
0.276498
0.985080
0.965079
0.774027
0.026355
0.369659
0.895192
0.670836
0.019127
0.000391
0.010862
0.409050
0.530601
0.386116
0.002083
0.153403
0.035074
0.525262
0.590741
0.183740
0.921982
0.023450
0.002331
0.002812
0.980020
0.940084
0.641173
0.883416
0.006367
0.778052
0.986319
0.046118
0.164861
0.022200
0.000812
0.727394
0.014341
0.183143
0.031749
0.005246
0.993853
0.863717
0.983175
0.055435
0.338503
0.191784
0.005531
0.963689
0.010952
0.904337
0.000573
0.882450
0.763174
0.148981
0.013258
0.025796
0.137211
0.289799
0.010162
0.000411
0.068826
0.006572
0.342988
0.533384
0.021734
0.003668
0.016292
0.011574
0.001399
0.988044
0.071699
0.132508
0.004577
0.924609
0.633217
0.001240
0.011130
0.685615
0.195233
0.992461
0.001013
0.144553
0.001032
0.001620
0.000697
0.596489
0.027323
0.032320
0.105951
0.003426
0.002108
0.081290
0.867205
0.001926
0.893202
0.004443
0.002276
0.968606
0.696618
0.001380
0.995034
0.791183
0.000291
0.035736
0.410755
0.206691
0.000609
0.223386
0.000336
0.337379
0.326124
0.295924
0.054774
0.088205
0.536105
0.001276
0.141159
0.001403
0.071295
0.006139
0.080803
0.003511
0.607348
0.466456
0.027483
0.016133
0.990068
0.312066
0.715987
0.075180
0.642491
0.029347
0.563920
0.051189
0.000929
0.005060
0.981642
0.001202
0.982316
0.001498
0.394376
0.049464
0.069727
0.856817
0.464690
0.028438
0.000687
0.052450
0.002111
0.017707
0.002664
0.000340
0.024059
0.179171
0.984532
0.009149
0.106996
0.091712
0.343491
0.056712
0.001472
0.600618
0.004832
0.009082
0.984881
0.001070
0.002373
0.572203
0.980625
0.003499
0.066888
0.873200
0.255643
0.625198
0.005348
0.524351
0.928401
0.004424
0.993498
0.017686
0.000293
0.000531
0.922469
0.903635
0.167113
0.117490
0.894519
0.850999
0.043466
0.418244
0.010790
0.908582
0.000751
0.000350
0.621063
0.002950
0.259725
0.001811
0.971326
0.052062
0.014742
0.334297
0.968713
0.004009
0.938488
0.019666
0.020619
0.038803
0.394713
0.528572
0.290159
0.011373
0.042323
0.123557
0.039842
0.002307
0.000734
0.005565
0.014674
0.019600
0.021301
0.034596
0.000225
0.965736
0.403101
0.097063
0.282893
0.746862
0.039027
0.945340
0.004397
0.058284
0.002488
0.009553
0.990973
0.003130
0.039731
0.001360
0.034895
0.000734
0.000722
0.069292
0.000415
0.005190
0.002916
0.942614
0.002387
0.001527
0.993501
0.042908
0.945884
0.991465
0.002774
0.026505
0.061008
0.000932
0.002147
0.994245
0.001232
0.044700
0.673773
0.136174
0.019364
0.915921
0.022700
0.000298
0.042187
0.931007
0.064374
0.876786
0.413218
0.747340
0.001299
0.039151
0.401896
0.985106
0.773111
0.402096
0.025876
0.452174
0.403227
0.006763
0.018600
0.001319
0.000362
0.006150
0.933004
0.026270
0.002221
0.815854
0.014419
0.304260
0.005172
0.287231
0.041950
0.005198
0.950358
0.052870
0.013288
0.845061
0.001424
0.843244
0.007456
0.733391
0.138175
0.271059
0.403123
0.006466
0.003066
0.877191
0.003036
0.005674
0.001340
0.000693
0.008608
0.052150
0.994857
0.017655
0.838100
0.910575
0.002768
0.002005
0.185186
0.165226
0.464371
0.000321
0.001540
0.000746
0.767756
0.063820
0.003503
0.362702
0.019555
0.008379
0.004721
0.171730
0.005135
0.496830
0.027013
0.163420
0.034622
0.054091
0.015347
0.061934
0.072691
0.000849
0.394033
0.003322
0.056850
0.005610
0.010859
0.436664
0.014283
0.004046
0.380865
0.265944
0.005920
0.691689
0.019491
0.605042
0.026246
0.354009
0.687283
0.943855
0.077184
0.001208
0.941547
0.544816
0.539579
0.017961
0.946877
0.001366
0.009394
0.329217
0.546383
0.201882
0.037785
0.857667
0.612187
0.671174
0.972210
0.538695
0.464465
0.000269
0.256084
0.120739
0.000440
0.049158
0.515583
0.015571
0.316453
0.007433
0.241864
0.001776
0.032748
0.055657
0.152780
0.126812
0.741193
0.195130
0.007380
0.073908
0.012325
0.427861
0.001185
0.014196
0.032106
0.001037
0.498524
0.921944
0.979267
0.005434
0.021885
0.104850
0.000694
0.469982
0.002841
0.232501
0.434652
0.071627
0.008291
0.006917
0.077356
0.025714
0.983909
0.071566
0.035329
0.960447
0.003537
0.755803
0.153993
0.002726
0.181883
0.011233
0.425678
0.006737
0.086032
0.000849
0.002554
0.485224
0.198895
0.068401
0.000505
0.977672
0.008543
0.001646
0.030496
0.094218
0.001347
0.001764
0.328876
0.004180
0.001380
0.000284
0.002510
0.394015
0.003267
0.171935
0.046927
0.625174
0.058037
0.015947
0.021528
0.001553
0.000661
0.152184
0.016855
0.004982
0.898550
0.752266
0.430264
0.049596
0.027779
0.001770
0.005344
0.003711
0.002882
0.000832
0.782230
0.008620
0.000676
0.022142
0.003435
0.008234
0.008358
0.504150
0.511212
0.006036
0.669867
0.446266
0.001289
0.003834
0.501765
0.279903
0.490570
0.063994
0.019428
0.000566
0.046499
0.885009
0.042776
0.001358
0.001596
0.667594
0.874836
0.313868
0.345687
0.638971
0.998384
0.305009
0.961638
0.002036
0.013709
0.011656
0.002222
0.901424
0.002948
0.004231
0.004303
0.014518
0.006612
0.015343
0.004821
0.868830
0.009816
0.949292
0.012975
0.662970
0.001230
0.733038
0.756100
0.065735
0.503283
0.183212
0.002246
0.768267
0.004510
0.105967
0.985683
0.001459
0.006469
0.037453
0.279776
0.174355
0.004312
0.992429
0.007254
0.261278
0.581079
0.171852
0.047295
0.110059
0.000603
0.006706
0.002151
0.987251
0.747880
0.951671
0.005006
0.920499
0.313700
0.986041
0.055191
0.637019
0.026631
0.083895
0.907599
0.359044
0.000903
0.000651
0.145640
0.974702
0.006092
0.000480
0.959713
0.004972
0.006760
0.987394
0.186110
0.000678
0.000973
0.014418
0.916333
0.003587
0.018165
0.001123
0.000650
0.934822
0.434608
0.548528
0.004755
0.009048
0.596574
0.018176
0.045307
0.974654
0.852176
0.007724
0.777648
0.069085
0.002544
0.631512
0.034642
0.278565
0.001349
0.000625
0.027368
0.201478
0.929970
0.040898
0.590893
0.037238
0.000612
0.988052
0.760240
0.362730
0.622493
0.326250
0.006476
0.036500
0.990141
0.981446
0.001428
0.003144
0.657810
0.000408
0.767814
0.961388
0.001755
0.334370
0.099546
0.002878
0.010866
0.011183
0.010478
0.726419
0.024793
0.000852
0.034276
0.006605
0.995461
0.839041
0.400563
0.008075
0.002483
0.705270
0.648938
0.017507
0.271279
0.007859
0.439625
0.006882
0.001098
0.007514
0.781697
0.130223
0.003718
0.225888
0.952072
0.000909
0.000722
0.094392
0.904854
0.001548
0.337935
0.857623
0.947931
0.001883
0.000709
0.019287
0.018036
0.761066
0.636286
0.620598
0.000316
0.657001
0.001972
0.000954
0.269865
0.412178
0.383674
0.001298
0.922359
0.473701
0.061718
0.000457
0.837286
0.031699
0.065055
0.138515
0.529968
0.053368
0.076623
0.005327
0.000677
0.000241
0.928252
0.004360
0.705646
0.394447
0.885454
0.025845
0.986612
0.005019
0.089229
0.145864
0.112806
0.037583
0.230016
0.870163
0.021170
0.001294
0.709032
0.212011
0.837026
0.912759
0.002766
0.011726
0.985281
0.037994
0.929696
0.013026
0.463116
0.071582
0.517941
0.000493
0.019999
0.324205
0.173258
0.002170
0.827690
0.016979
0.148350
0.983480
0.136260
0.823156
0.046612
0.170096
0.003056
0.002355
0.500537
0.000785
0.002708
0.037124
0.031460
0.179817
0.596409
0.529379
0.848323
0.942913
0.012918
0.983202
0.026354
0.008274
0.003285
0.350336
0.256894
0.016492
0.003980
0.357468
0.652974
0.912696
0.010474
0.039619
0.001727
0.000529
0.017757
0.816755
0.002528
0.541318
0.051035
0.000346
0.552818
0.946075
0.021383
0.160095
0.960553
0.002045
0.018872
0.957420
0.994248
0.911789
0.048387
0.938428
0.522579
0.971325
0.002978
0.008059
0.128236
0.991146
0.008495
0.001927
0.129740
0.906381
0.332840
0.636207
0.031985
0.000707
0.028601
0.004256
0.905052
0.898094
0.001111
0.002767
0.007833
0.811321
0.145240
0.970740
0.751539
0.107614
0.021983
0.007730
0.730761
0.902988
0.603272
0.284372
0.373318
0.033295
0.031299
0.126096
0.720795
0.003556
0.001587
0.028489
0.959825
0.057290
0.000662
0.000742
0.654185
0.003560
0.763157
0.551722
0.981877
0.731269
0.996492
0.972833
0.007089
0.047110
0.145596
0.270948
0.903013
0.020168
0.103418
0.798696
0.000298
0.772329
0.938871
0.770227
0.015045
0.001407
0.432851
0.345397
0.206032
0.777652
0.218980
0.196096
0.008234
0.004476
0.009583
0.029205
0.107423
0.011254
0.027149
0.007120
0.015997
0.415449
0.012909
0.012753
0.033170
0.002202
0.062235
0.152205
0.317955
0.730775
0.001513
0.008870
0.001540
0.045349
0.004846
0.000605
0.964687
0.209558
0.023773
0.805293
0.598277
0.203920
0.057016
0.949528
0.034897
0.000785
0.475907
0.968219
0.224567
0.458079
0.000259
0.219243
0.005635
0.167285
0.879716
0.385395
