0.986440
0.982972
0.996429
0.606848
0.301337
0.859096
0.987835
0.953307
0.417530
0.962782
0.974506
0.263235
0.516659
0.985334
0.734242
0.861339
0.927925
0.987948
0.974772
0.026948
0.771797
0.988995
0.981100
0.968240
0.811887
0.947287
0.870859
0.845333
0.987541
0.845903
0.965303
0.986328
0.936990
0.328159
0.132163
0.984634
0.221807
0.898666
0.966332
0.974207
0.955715
0.950834
0.980916
0.268613
0.979761
0.967985
0.864066
0.980560
0.963780
0.231746
0.995567
0.630581
0.992110
0.899834
0.994916
0.133525
0.548155
0.690109
0.945198
0.719818
0.018314
0.994669
0.828683
0.720574
0.798065
0.099499
0.800384
0.978578
0.491108
0.993611
0.914316
0.211826
0.967863
0.722251
0.664781
0.708348
0.907255
0.870985
0.960526
0.182227
0.900615
0.962456
0.978532
0.982015
0.967008
0.967487
0.031544
0.302788
0.647571
0.952695
0.806373
0.354676
0.657134
0.970174
0.951169
0.989650
0.988001
0.987076
0.943166
0.895028
0.893901
0.987696
0.961317
0.989026
0.942850
0.948111
0.992179
0.995882
0.981721
0.875007
0.010868
0.673045
0.313082
0.970065
0.966621
0.962795
0.955643
0.883047
0.810205
0.951542
0.859311
0.971172
0.975995
0.988072
0.961619
0.420654
0.983862
0.920146
0.844462
0.994761
0.990770
0.509138
0.951376
0.993061
0.604813
0.938729
0.371050
0.883206
0.721408
0.988860
0.988162
0.935046
0.993604
0.871353
0.981897
0.028040
0.976212
0.992113
0.937250
0.105845
0.959646
0.956957
0.966058
0.043451
0.072643
0.729514
0.356247
0.983112
0.027545
0.929010
0.990190
0.992422
0.361873
0.942766
0.592790
0.515163
0.942483
0.971024
0.670514
0.993585
0.954752
0.674098
0.841860
0.996804
0.986588
0.774982
0.925395
0.875715
0.973377
0.996655
0.519633
0.800279
0.678143
0.079450
0.009998
0.983035
0.920603
0.983972
0.997048
0.173399
0.205535
0.982539
0.735413
0.490836
0.535865
0.968222
0.044169
0.997055
0.940527
0.046148
0.991403
0.941506
0.012434
0.332187
0.949811
0.244025
0.862005
0.927652
0.282621
0.952761
0.976537
0.993778
0.192546
0.951399
0.053843
0.341005
0.976606
0.595350
0.968669
0.461873
0.983116
0.985347
0.985244
0.971688
0.900788
0.734220
0.990582
0.974330
0.011764
0.159470
0.995546
0.419693
0.985034
0.901431
0.957308
0.266014
0.986844
0.653813
0.357458
0.350766
0.953118
0.259120
0.956428
0.946685
0.912316
0.936158
0.887971
0.968511
0.718740
0.506180
0.513352
0.688747
0.979242
0.601850
0.991192
0.761711
0.622262
0.616032
0.987337
0.982850
0.121597
0.967729
0.976077
0.916167
0.989578
0.554626
0.990235
0.974254
0.955427
0.317227
0.974221
0.995573
0.973233
0.940135
0.970590
0.755569
0.976555
0.652291
0.911571
0.490938
0.044320
0.969954
0.965353
0.959157
0.976581
0.822117
0.821984
0.927131
0.071331
0.726973
0.976764
0.268465
0.916670
0.700305
0.978667
0.667603
0.690034
0.969427
0.990231
0.893726
0.937920
0.627297
0.990273
0.914687
0.970259
0.890393
0.986985
0.208831
0.981588
0.976437
0.958763
0.295293
0.425160
0.932428
0.978963
0.355364
0.617718
0.990273
0.557265
0.006121
0.987759
0.982434
0.844223
0.927254
0.349245
0.992189
0.991922
0.100528
0.341923
0.991574
0.947783
0.504634
0.033502
0.922343
0.985000
0.792260
0.711719
0.731184
0.834277
0.537851
0.513347
0.979349
0.295146
0.603425
0.906756
0.797773
0.881699
0.969849
0.995564
0.978446
0.746547
0.994100
0.691482
0.912202
0.984365
0.546138
0.749072
0.994601
0.995807
0.979350
0.979954
0.144929
0.982439
0.943156
0.660481
0.980755
0.008002
0.984880
0.992568
0.979733
0.993374
0.831138
0.730630
0.981953
0.890825
0.974713
0.990133
0.987856
0.627709
0.981397
0.971862
0.844706
0.409771
0.776619
0.191848
0.854966
0.996080
0.958011
0.636144
0.995372
0.879316
0.930522
0.853940
0.739932
0.764589
0.151981
0.988264
0.950138
0.588829
0.877999
0.124863
0.976808
0.957343
0.931387
0.931914
0.665450
0.630750
0.037324
0.918733
0.979865
0.691050
0.899825
0.942980
0.514954
0.991629
0.955526
0.996873
0.947594
0.925484
0.995061
0.003241
0.858011
0.914580
0.986030
0.962957
0.731794
0.232388
0.981653
0.279964
0.859294
0.395871
0.991032
0.961941
0.986221
0.487187
0.779258
0.952698
0.851551
0.992962
0.951434
0.907991
0.994435
0.553562
0.994485
0.965346
0.764672
0.918727
0.739689
0.924632
0.791612
0.748312
0.847261
0.982078
0.904865
0.987493
0.987489
0.969254
0.974699
0.988803
0.541642
0.954687
0.955999
0.956375
0.979462
0.994511
0.954424
0.958538
0.993131
0.991282
0.989115
0.967761
0.831909
0.744275
0.949853
0.986675
0.978121
0.701121
0.989002
0.951596
0.975896
0.988310
0.994966
0.797094
0.970633
0.761031
0.061292
0.893665
0.948001
0.985777
0.895123
0.994153
0.065921
0.954052
0.900345
0.564069
0.950075
0.988453
0.993508
0.993204
0.989013
0.846171
0.366832
0.882637
0.985992
0.930619
0.307122
0.784314
0.548759
0.907936
0.858675
0.984734
0.883887
0.983555
0.027513
0.412775
0.944372
0.845997
0.618301
0.992626
0.936805
0.956483
0.552242
0.047236
0.943454
0.967225
0.981573
0.987966
0.903520
0.946635
0.716956
0.990164
0.368649
0.992164
0.984111
0.544090
0.563196
0.726166
0.917612
0.217165
0.990003
0.958524
0.978198
0.786001
0.972145
0.190435
0.839223
0.970864
0.963782
0.716814
0.296122
0.449707
0.033162
0.781154
0.417975
0.193450
0.943227
0.711556
0.869510
0.599197
0.887480
0.963578
0.547522
0.860923
0.719037
0.752762
0.955269
0.134379
0.918252
0.897688
0.988537
0.792888
0.956105
0.405291
0.976586
0.800066
0.968567
0.052569
0.994165
0.934987
0.819367
0.807738
0.983144
0.927719
0.941430
0.989064
0.928686
0.977141
0.058475
0.973404
0.045749
0.978664
0.982400
0.970330
0.809770
0.972872
0.431263
0.954495
0.366885
0.957486
0.322913
0.989712
0.726537
0.240106
0.912840
0.961993
0.986014
0.978249
0.994816
0.995021
0.878840
0.901182
0.975969
0.925842
0.402543
0.803488
0.605790
0.972259
0.343456
0.524150
0.928716
0.975335
0.720858
0.447884
0.582930
0.721019
0.981952
0.824755
0.987521
0.821850
0.729251
0.936662
0.987867
0.852438
0.358359
0.959819
0.991057
0.864729
0.959162
0.986933
0.934077
0.433726
0.842744
0.970748
0.388195
0.012608
0.996495
0.940347
0.268527
0.884233
0.325482
0.797094
0.931581
0.081779
0.012846
0.933653
0.984554
0.895967
0.991766
0.988516
0.942098
0.986350
0.980691
0.975171
0.924888
0.946743
0.562580
0.992868
0.838064
0.979771
0.003263
0.991627
0.995856
0.051578
0.983577
0.996582
0.898627
0.836874
0.957060
0.923324
0.121690
0.881996
0.264202
0.994548
0.054659
0.204115
0.843165
0.126690
0.994215
0.996680
0.952162
0.978631
0.989436
0.903798
0.946611
0.976718
0.990162
0.663137
0.991217
0.990404
0.402886
0.211662
0.986720
0.979364
0.992828
0.879269
0.689199
0.990706
0.896851
0.799837
0.984581
0.625892
0.945982
0.905715
0.981374
0.648230
0.916603
0.834124
0.989367
0.936459
0.960148
0.993586
0.978837
0.955891
0.945753
0.922367
0.435861
0.720966
0.918713
0.005936
0.891306
0.995113
0.936968
0.256895
0.971885
0.405962
0.922262
0.986476
0.370601
0.980637
0.962647
0.983521
0.661709
0.971400
0.065689
0.039256
0.497654
0.777434
0.621600
0.957208
0.876439
0.466884
0.047061
0.962043
0.795667
0.996623
0.963814
0.920757
0.878650
0.996524
0.936654
0.330195
0.920818
0.930184
0.990519
0.350846
0.860090
0.994017
0.648146
0.905492
0.037872
0.575903
0.981131
0.957705
0.972370
0.081022
0.957358
0.547582
0.530931
0.877427
0.993072
0.953813
0.255317
0.991284
0.815349
0.995974
0.719786
0.975924
0.993216
0.900633
0.988731
0.624631
0.985573
0.869135
0.990036
0.978105
0.020032
0.987857
0.347033
0.982897
0.960889
0.995415
0.004945
0.995502
0.989865
0.437250
0.569555
0.908592
0.507538
0.939756
0.954986
0.930663
0.962443
0.994216
0.438571
0.957335
0.975519
0.978085
0.979690
0.994914
0.813278
0.972888
0.872093
0.979100
0.795123
0.364105
0.003444
0.978880
0.988665
0.894110
0.951142
0.979302
0.917273
0.975908
0.980138
0.987377
0.001409
0.918524
0.100142
0.985318
0.989766
0.969471
0.397512
0.004703
0.992694
0.990599
0.631570
0.992527
0.992647
0.915602
0.807717
0.794223
0.995825
0.955508
0.536419
0.615250
0.935429
0.971593
0.784774
0.993515
0.055290
0.993830
0.936371
0.954092
0.902835
0.595510
0.763678
0.941793
0.973883
0.219239
0.764734
0.599902
0.802664
0.872526
0.963911
0.792351
0.985650
0.997644
0.133441
0.990791
0.850979
0.973382
0.940623
0.160246
0.990442
0.985624
0.994030
0.732654
0.984938
0.808519
0.985717
0.007589
0.628791
0.708138
0.774741
0.976367
0.992807
0.996886
0.163336
0.909854
0.031219
0.422307
0.963821
0.407635
0.183744
0.840084
0.915668
0.229727
0.933385
0.988389
0.867751
0.064231
0.970141
0.987255
0.599151
0.977944
0.940526
0.920996
0.591892
0.086440
0.986521
0.788365
0.981121
0.050988
0.063260
0.951234
0.066872
0.989318
0.034442
0.879422
0.742884
0.985628
0.858019
0.995223
0.952420
0.996992
0.780478
0.975173
0.128205
0.246810
0.977498
0.875325
0.967928
0.687633
0.985469
0.948947
0.948311
0.974758
0.720772
0.570674
0.977335
0.885613
0.973059
0.962228
0.973071
0.966754
0.899422
0.951815
0.863527
0.622598
0.855762
0.925116
0.385641
0.852768
0.092237
0.946604
0.442925
0.987171
0.984271
0.362755
0.944614
0.668402
0.969416
0.587619
0.989800
0.765786
0.991657
0.063526
0.001520
0.735652
0.961150
0.179902
0.977509
0.434032
0.949011
0.979963
0.758259
0.980792
0.954148
0.811870
0.985519
0.108655
0.977911
0.796519
0.980747
0.142409
0.120086
0.994415
0.847647
0.315034
0.978742
